id	x	y
4	10.10227	6.1030245
116	12.761341	5.7670383
119	10.929621	7.812647
230	12.045147	5.7508616
233	12.342237	5.919351
461	11.558026	9.855254
462	10.63395	9.543944
929	11.508171	6.7040505
1383	14.83297	5.6436424
1612	11.452164	5.840756
1728	12.875279	9.874384
1732	13.7363405	7.4286685
1841	11.019194	8.883733
2533	13.611611	6.461368
2763	10.584658	9.281666
2994	12.938273	7.132485
2995	12.807613	5.5100765
3458	11.58048	5.035481
4371	12.939009	8.952154
4607	11.775695	5.530368
4953	10.721287	7.5873857
5407	12.513659	9.23068
5529	9.725737	6.4346004
5639	13.697412	9.625687
5751	13.891619	6.894023
5869	10.141956	7.1414223
6561	11.631968	9.437885
6562	11.277815	9.534319
6788	13.03903	7.86603
7023	11.628118	6.558668
7363	15.373619	4.66191
7478	11.017617	6.7617826
7481	10.304047	9.225573
7596	14.145832	9.682613
8051	13.600656	8.698803
8058	12.136075	9.028073
8283	13.444437	8.740336
8286	13.634443	6.955082
8397	12.84702	9.333748
8861	15.632481	6.91486
8978	13.726017	8.4145155
9201	11.414565	5.931085
9889	11.989676	4.810475
10572	12.824037	8.86369
10796	13.460958	6.947513
10803	11.404405	6.7679696
11481	14.239875	7.2208595
11712	12.059503	5.772115
11828	14.557526	4.952385
11830	12.945343	7.606986
12049	11.639888	4.73156
12278	13.736103	8.071692
12505	12.407244	8.11743
12509	11.796881	6.2722425
12510	12.927151	9.766593
12734	10.298098	6.7784977
12961	11.863505	6.0937896
13077	12.030977	6.4562845
13085	13.036849	7.5342813
13417	11.201873	8.557146
13426	13.58625	4.83041
14216	12.474105	7.481678
14336	12.726272	6.196998
14900	12.895196	7.2592216
15014	13.473144	5.82484
15362	11.054757	8.776811
15587	14.629429	4.314354
15590	11.701495	4.3599677
15705	13.909728	8.842415
15706	8.926163	6.1737747
15707	11.222494	7.0823703
16384	15.136183	4.9140615
16953	10.642385	7.2988734
17182	11.521399	5.7790494
17980	11.12289	6.731985
18664	12.204507	7.932794
18779	15.855936	6.4402323
18897	11.424885	6.751111
19003	10.8418045	8.237997
19005	10.57762	6.957547
19009	13.235891	4.8117027
19010	12.624571	4.129208
19231	11.537974	9.079178
19234	12.060298	9.788712
19236	12.921891	6.9790587
19349	14.706259	6.4216995
19351	14.726992	8.893726
19461	11.761051	7.0451117
19695	11.461621	5.915115
19801	12.283941	4.888808
20151	14.793673	7.764377
20379	15.132671	6.786187
20489	12.910285	6.6642866
20717	14.700497	5.686892
20827	11.578017	7.9234333
20832	9.449418	9.093494
20833	12.591613	7.6783757
21972	9.34626	7.4084044
21973	12.521361	8.185678
642	12.0783825	6.8156905
1030	13.157988	10.201258
1666	12.280434	6.340776
1668	12.187884	6.826977
1671	9.411616	9.495838
2053	12.30344	7.5385222
2307	14.40577	8.275104
3206	12.656051	5.957857
3331	13.348586	5.759741
3461	15.233903	6.773242
4354	10.172842	8.97522
4996	10.062365	9.382614
5508	10.704043	8.638512
6407	11.002054	8.479341
7046	13.570574	6.622551
7556	14.023404	6.6766663
7557	11.990884	8.190542
7558	12.084225	3.8288932
7812	10.719058	8.25452
8323	13.43454	6.4381943
8705	11.094378	7.2852564
8967	12.938932	6.042096
9217	13.868579	6.9642344
9477	11.829851	5.68867
9986	14.783127	6.1269183
9989	12.344529	6.782091
10117	12.756312	5.098499
10248	12.544298	7.482541
10499	8.780231	7.2285633
10625	10.940702	5.5613456
10628	10.773766	7.799207
11265	14.826297	5.0361834
11649	11.801927	5.6006913
11907	14.383386	8.663537
12034	10.78099	6.4874444
12418	13.164302	9.731209
12930	12.263941	7.562125
13309	13.041859	7.951898
13818	9.29512	6.8752885
14578	11.345856	7.2413063
14703	13.707059	9.297832
14833	13.724049	7.592997
15592	12.034814	7.607777
15593	12.602434	4.986557
15975	12.873533	8.403001
16103	14.465138	4.2544146
16232	14.044933	5.846351
16735	14.367118	7.5057154
16865	12.774759	6.2459
16991	10.603584	8.091943
17116	14.16108	6.6595054
17880	13.253021	6.5853086
18392	12.255665	6.9310236
19659	11.754986	4.0285015
19661	12.396149	4.877574
20169	12.022452	8.771356
20420	11.191121	7.2585135
20548	11.063013	7.5964084
20805	12.290433	6.53553
21182	12.784398	4.4317546
21310	11.09566	6.6293597
22201	11.999862	6.967704
22707	10.583659	7.0261455
23085	14.136763	8.239
23339	12.570849	5.3294716
23342	12.313622	10.257655
23595	12.161089	7.1250143
24229	14.585877	7.861954
24357	13.1345215	9.071198
24863	11.62866	8.096115
1	12.392287	5.6372337
2	11.972737	8.987013
127	13.848612	9.435796
254	15.974803	5.857683
382	14.371517	6.569669
383	11.540783	8.490524
384	7.7291975	7.7944946
385	15.325471	5.9707766
511	13.285961	7.6507316
516	12.2079	7.459675
635	12.801981	9.74589
636	14.459297	6.5729814
637	11.300915	6.3330197
639	14.821252	6.754439
893	12.386849	6.545703
897	13.040572	3.313255
1020	11.64918	4.9780407
1150	12.436098	4.1810513
1271	11.315604	4.236138
1272	10.431215	8.233664
1277	13.2552805	6.3721976
1398	11.055179	7.076791
1401	11.590009	6.033904
1654	13.119344	9.65686
1655	12.566506	3.7023406
1656	12.840707	8.848648
1781	12.679924	6.169944
1907	14.128997	5.9471116
1909	10.466243	6.8348145
2160	12.572692	7.9595637
2162	13.194163	6.655664
2289	14.588157	7.7830176
2417	13.203961	6.512425
2421	14.718818	7.7701883
2542	10.557936	7.670242
2544	11.457637	6.9443803
2673	12.989019	6.5782266
2674	14.240064	7.132637
2922	12.171429	9.297123
2923	8.800236	6.7032413
2926	11.263523	6.066147
2927	12.639303	5.5011954
2930	11.5462885	4.200148
3049	11.479033	7.503878
3058	10.619842	5.4971085
3178	13.3887825	6.764386
3179	11.144569	5.467072
3308	12.434629	6.6598806
3429	12.676138	9.99186
3436	11.306027	9.215781
3557	13.117338	6.8803897
3684	11.586287	6.953829
3685	13.394385	8.635706
3686	13.914939	6.942616
3688	12.183439	5.852277
3812	11.6115885	9.896413
3938	12.032025	5.0463376
3939	10.338927	7.3873086
3940	12.089846	5.6231313
4065	12.294568	9.887841
4066	10.678525	8.383915
4067	11.8309765	6.8357687
4068	14.362862	3.283358
4070	12.538423	3.8571212
4322	11.109205	7.4573755
4326	10.191319	4.988168
4451	11.975177	4.6471286
4700	11.24761	8.329286
4701	11.880094	8.541237
4826	10.791314	7.7855988
4828	11.945867	4.4786158
4833	12.948935	6.1299195
4835	14.660459	8.065735
4954	12.206547	9.169924
4960	11.600189	7.7260213
5208	13.1534815	5.473699
5211	13.368102	6.543508
5334	13.137618	9.938636
5336	13.287006	10.093038
5461	12.31969	6.244888
5462	11.375892	8.353606
5463	13.86788	4.292236
5464	11.342212	8.879729
5470	10.602597	5.7925835
5716	11.604639	5.21944
5718	9.404642	7.8257694
5970	11.971236	5.3683043
5971	11.447528	9.279679
5975	12.449858	5.2288175
6104	11.346886	6.6351404
6355	10.749013	7.544424
6478	14.608844	7.633782
6607	10.120687	8.581322
6608	11.496509	8.374013
6610	12.475539	4.2999225
6732	10.869559	4.826453
6735	10.946486	4.8074303
6863	11.488226	9.262088
6989	13.374976	8.735702
6991	11.458327	4.313612
7369	12.341005	8.30361
7493	15.450996	6.038672
7498	12.441128	7.3013916
7620	10.983112	5.6679087
7626	10.597158	5.0456376
7747	12.14859	4.219426
7875	13.276408	4.818441
7877	12.92347	6.644368
7881	12.261067	6.2685413
8009	10.68166	4.675739
8129	13.290744	3.7898254
8133	11.8386545	5.007621
8135	13.273434	6.0295467
8137	13.495249	6.769504
8255	14.437293	8.765819
8257	10.243338	7.2426996
8263	13.02972	6.3938665
8384	11.800676	5.0144987
8386	15.144711	6.7231703
8510	11.476871	7.685635
8511	12.25337	8.498456
8513	12.655052	6.9399
8636	15.365032	6.1224895
8638	11.770213	4.297403
8642	14.430699	6.365766
8768	12.242329	3.9370306
8890	9.66871	8.452504
8891	12.988701	9.004256
8892	13.990274	4.614334
8894	11.084137	7.863122
9017	13.714205	8.710734
9019	11.865092	5.479443
9020	15.2269	7.6451764
9023	10.299915	5.599263
9024	11.1577425	5.3058405
9144	15.69768	5.1526833
9275	10.6471	5.6232247
9399	12.236875	5.8858447
9400	14.163028	6.8274627
9527	11.956733	6.2399235
9530	10.867279	7.1677175
9653	11.459158	4.745491
9780	14.464508	6.0183277
9909	11.253835	6.3271255
10034	12.55506	8.22276
10039	12.731571	3.5291307
10288	11.895131	7.0613422
10289	12.40079	8.015912
10544	11.788821	7.962987
10547	11.964185	5.133218
10668	12.8531885	4.390776
10674	12.047797	6.1875296
10795	15.426747	6.1499767
10798	11.400934	7.177062
10802	11.959944	5.8747687
10924	12.128672	8.750123
11050	11.385054	7.8135715
11305	9.264403	6.9394875
11310	13.005274	6.6255717
11432	13.2187	6.9138956
11558	14.42986	8.453257
11685	10.997701	9.174519
11686	12.835735	5.866651
11692	12.241578	4.0857496
11811	15.110541	4.902852
11813	13.4465275	4.9774485
11814	11.216731	5.9413276
11817	11.849298	9.210266
11938	12.654199	4.2890067
11940	12.359807	3.7911286
11941	9.243217	8.427648
11942	10.420593	6.548344
11943	11.00821	7.3673925
12066	11.839353	8.1735735
12069	14.117373	4.024601
12073	9.053142	7.167554
12193	13.551495	8.904668
12326	13.990102	7.7075825
12446	11.79865	8.885566
12574	7.3201394	7.190147
12578	12.7758665	7.936496
12706	11.228507	8.604228
12709	10.347822	6.584534
12827	12.58341	4.0330224
12835	13.004253	5.3595896
12957	12.791429	3.8234968
12960	12.100262	4.2682924
13081	12.719879	5.3828793
13082	8.306318	8.645837
13083	12.05278	8.743731
13085-1	11.938902	6.0005836
13209	10.285885	8.523982
13214	11.471773	7.2709365
13335	13.380058	9.325107
13341	11.431968	7.3490624
13464	12.155414	9.208653
13465	9.648044	6.132169
13594	14.070297	6.3195934
13717	12.834978	7.5504313
13718	12.740666	8.683183
13723	13.211042	5.5767083
13724	12.358904	6.9838386
13843	15.539708	7.0504894
13849	13.415116	5.4244375
13970	11.171195	8.393405
13971	12.077463	9.87803
13973	14.035453	5.592487
13974	9.879569	7.978951
13980	11.566602	6.2813277
14097	14.124132	7.6600084
14101	14.102167	6.3243704
14105	11.679466	5.219315
14226	12.70477	3.7963762
14231	13.391604	3.6524599
14351	12.572697	9.243818
14352	11.841609	5.11631
14481	12.77904	7.8039975
14485	10.84514	7.914662
14609	10.902056	6.8360505
14612	13.7565365	5.1210437
14733	14.4150505	6.227225
14861	11.383117	5.013901
14862	11.996893	5.579025
14986	10.20933	5.0573025
14987	12.2175045	4.3301163
15113	12.403188	7.290502
15116	12.4065695	4.838796
15245	12.060448	5.9407935
15246	10.142795	5.3233433
15367	13.555477	9.253108
15370	12.1347475	7.146554
15496	11.783164	8.311776
15497	13.882447	5.470992
15624	12.400433	6.3063674
15627	10.049317	6.4833026
15628	10.726105	4.073279
15630	10.547056	9.043459
15753	12.804055	9.86668
15877	11.596058	6.755523
15878	13.351926	7.6346407
16003	14.283048	4.571229
16004	12.044073	7.702288
16007	13.110193	3.68511
16009	12.0416155	8.477904
16129	13.158576	8.642559
16130	10.715299	6.0040817
16131	15.942482	6.1122537
16133	11.1129265	6.154051
16257	12.748295	8.749299
16258	11.286617	5.649066
16263	12.095027	7.664312
16384-1	12.649799	4.382874
16387	10.3813715	7.5172977
16637	13.86782	7.749767
16643	11.786012	8.1468
16764	11.648053	7.82277
16893	13.193323	6.2317142
17018	9.18079	8.105293
17020	12.839429	7.5610967
17022	8.250802	6.895125
17146	12.2771	8.329232
17147	10.341126	7.3379006
17149	12.569729	6.8831663
17275	13.993027	7.778445
17404	12.204688	5.512555
17405	11.485561	7.6147895
17526	14.185661	8.89161
17527	13.632434	4.182064
17528	10.083396	6.300911
17654	12.285337	4.744054
17782	11.648923	7.321797
17785	12.223402	5.9070992
17789	12.499977	5.6355367
17909	10.460504	7.5263557
18035	11.615217	8.348032
18036	11.581509	8.709046
18042	10.018003	8.4192095
18167	14.8887825	6.1360784
18288	13.347346	3.8543065
18290	11.169574	6.554286
18293	12.889799	5.204002
18419	9.775314	9.359881
18420	10.862996	6.7870917
18670	11.153603	8.032413
18801	11.128693	5.4666233
18805	12.435853	9.296442
18926	14.020352	5.4686346
18927	11.636636	8.3079605
18928	13.684202	4.9511056
19050	14.04194	6.527146
19051	12.324807	9.584347
19052	10.074884	5.3019247
19055	11.196588	7.9270344
19177	9.531748	8.892655
19180	11.574044	6.449666
19182	13.491343	8.249435
19305	13.376313	6.9790406
19306	13.139075	4.437167
19310	12.947275	5.1313004
19559	10.083041	6.5422
19685	14.31251	4.4814444
19812	12.016407	9.76525
19820	11.757062	5.352197
19942	12.493879	6.3170395
20071	12.728028	5.717322
20193	11.9285145	7.664519
20194	11.638255	5.223749
20202	10.3666115	8.143709
20450	12.58696	8.78551
20576	13.535914	4.493578
20577	15.014819	4.933506
20703	11.774889	6.7998595
20705	10.36597	4.198336
20825	10.577303	6.434555
20827-1	15.239825	4.651791
20829	12.033445	5.560974
20832-1	10.699431	5.7456145
20951	13.889289	7.0623846
20957	11.167175	8.082683
21082	14.790419	4.1202397
21083	13.377582	5.3431344
21206	8.455697	7.804772
21329	13.021176	9.304322
21330	13.544141	6.3246226
21456	11.534959	6.307612
21581	12.934989	4.2952237
21585	11.719012	8.863756
21710	11.450791	8.925016
21715	13.123529	4.708854
21836	11.1240425	6.4734726
21961	11.128858	6.2671075
21965	11.176454	4.917299
22085	13.542528	6.9499035
22087	13.558415	8.237138
22090	12.027422	8.292359
22091	14.706377	4.8989434
22092	13.052979	7.215747
22211	11.485712	6.1253605
22212	13.827092	8.272785
22215	12.404831	4.649093
22218	12.841249	8.188594
22464	12.956946	9.133335
22465	11.309356	8.721481
22597	12.801628	5.0669065
22715	14.983308	7.0724506
22718	11.452803	8.306266
22719	12.0063505	5.22326
22967	11.872555	6.632015
22968	11.289868	7.9845967
22971	12.451504	9.395687
23095	11.039273	5.6652513
23097	13.37003	3.5417235
23099	12.15957	4.999557
23221	10.001878	6.7648034
23222	11.436269	6.5394015
23347	12.673944	5.658503
23472	11.853782	8.541137
23598	12.168915	9.058211
23600	13.956637	7.656605
23604	11.839522	5.092995
23723	11.808547	8.550191
23724	12.107233	7.8379645
23729	15.47742	7.1831293
23856	13.329022	3.6709228
23975	11.571689	5.0048037
23977	13.244886	8.971593
23978	13.413336	4.8082523
24227	12.67605	5.892916
24232	12.559853	6.88062
24233	12.040385	6.10649
24353	14.1478195	6.355322
24360	13.021623	6.082376
24479	11.160525	3.9832976
24488	10.769328	4.8710136
24605	12.294726	6.7335644
24606	10.318831	9.028775
24612	11.854416	6.584057
24733	13.224676	8.28402
24738	10.534606	7.2481666
24863-1	12.398519	6.8742547
24985	11.923253	7.2179823
24993	9.720751	8.322197
25115	12.702086	6.532209
25239	14.415101	3.9889991
25240	11.122469	7.4576597
3	11.416118	7.866886
138	11.974112	7.1967106
139	13.334556	7.0477834
263	14.518906	5.727165
397	9.260854	7.565102
657	13.780069	9.173114
919	14.496614	7.8305454
921	12.417706	4.442606
923	10.088708	7.555279
1051	12.609114	3.8316276
1054	13.07219	4.261255
1056	12.670477	6.4082413
1179	14.366603	8.216571
1181	10.920461	6.490619
1315	10.971241	6.907178
1443	12.145873	6.430218
1447	11.350863	5.832941
1573	12.305008	8.638599
1576	10.73597	6.5944366
1704	13.882678	8.685548
1705	12.916406	6.6134095
1706	9.561301	6.978762
1709	13.303155	9.883604
1970	12.915699	7.123725
2228	12.106819	8.859902
2231	10.842665	7.2468433
2237	15.249966	5.528228
2362	10.825977	4.1925273
2626	13.603132	4.9392896
2756	12.77064	6.5660486
2758	11.523915	4.837367
2883	12.721174	4.279457
2884	11.271776	7.9515004
2889	11.188915	5.1094837
2891	12.304875	7.503258
3014	12.432896	6.670258
3019	11.229755	6.491076
3145	9.9571	6.278589
3148	11.812626	6.1587753
3280	12.395723	7.5164156
3409	13.746585	7.164327
3410	13.595672	6.475956
3537	14.007256	8.389364
3538	10.611315	6.1789722
3544	14.588418	5.1885066
3545	14.926141	6.7482977
3546	14.3101425	6.6819324
3668	14.977879	7.5517
3672	12.186179	4.78303
3673	13.49065	6.8376465
3933	12.972641	4.604989
3935	12.518172	6.567849
3938-1	13.093872	5.7498903
4061	13.370256	9.066011
4062	11.933007	5.790074
4064	13.163296	5.317636
4068-1	11.844375	9.2240505
4455	11.208985	7.986891
4459	13.118424	4.6134634
4461	14.237736	5.758496
4721	12.704681	3.7477882
4722	10.105045	8.470366
4724	12.646955	3.8591533
4847	14.982601	5.367978
4980	12.281545	4.604278
4982	13.531735	3.5992448
4983	11.405554	7.8409553
5110	12.995202	8.694025
5241	10.05953	8.921332
5372	14.124178	5.0262403
5374	11.462948	7.0294194
5633	9.885928	7.7280755
5634	11.627702	5.466359
5635	13.352922	8.044436
5640	12.255055	4.591119
5768	14.786016	8.746358
5771	13.2303915	7.4256587
5895	15.109846	7.270805
5898	11.410811	8.138728
6028	12.588349	7.42196
6158	11.30807	5.630327
6288	12.176949	10.085088
6289	13.3483515	7.3652897
6421	11.85791	9.244601
6422	11.730044	5.652493
6552	11.293614	8.238413
6815	10.750595	6.60054
6946	12.196142	8.352442
7078	12.208723	4.8508134
7210	12.636187	4.951732
7337	10.7616625	6.6493587
7338	11.630126	5.787795
7340	10.110274	7.60969
7345	10.97314	9.391103
7476	12.13879	7.3688154
7598	14.955347	7.7694845
7731	11.77256	8.313683
7737	12.762207	6.8789687
7861	13.750548	5.083205
7992	11.021526	7.413216
7996	11.254667	8.577015
7997	12.558081	8.099163
8122	8.124284	8.385759
8123	12.818749	4.509875
8130	13.28283	4.9706864
8254	11.81131	7.306148
8257-1	12.876	3.6179736
8515	13.195601	7.9991293
8517	13.833513	6.7242846
8518	11.464873	6.113968
8523	12.566094	6.871614
8652	13.416332	6.8332624
8777	10.815644	8.613143
8779	11.6244755	4.979197
8782	12.500716	7.475101
8909	11.4154	8.695313
8912	13.342562	6.2847376
9041	11.577268	7.1988716
9044	14.373742	9.231529
9046	10.977705	8.204513
9171	11.954538	7.7091193
9173	12.050996	6.3155384
9301	14.864268	7.4648457
9302	10.873211	6.0534015
9307	10.299642	7.385661
9432	14.370693	4.3451357
9434	13.331769	7.400361
9563	13.270197	9.3154745
9566	11.811089	6.8667107
9695	13.303037	6.2530212
9700	11.650933	7.4349
9828	13.116002	4.896843
9830	12.440611	7.6237235
9831	11.890333	8.008729
9833	9.937927	5.1576934
9962	12.298069	3.9136603
10092	13.101098	6.8030076
10218	9.437505	8.959805
10220	10.909699	8.48255
10226	11.647064	7.9585133
10349	10.477088	9.614833
10351	11.4095745	4.9497848
10352	10.68784	6.5986714
10480	11.073268	8.3915
10481	12.676812	8.29451
10484	11.361155	3.8493087
10486	10.670948	5.8903275
10611	13.436935	6.8988075
10613	11.887861	8.755945
10617	13.292425	7.969852
10742	13.3680105	8.292932
10744	13.571427	5.6370945
10751	11.685401	6.8698654
10874	11.568915	7.7282987
10878	12.298582	5.7652893
10879	12.762704	3.8904648
11007	12.877208	6.271321
11011	10.976754	4.206295
11138	11.63321	10.032699
11144	11.461366	5.1268144
11269	10.202816	6.031054
11270	13.178347	7.377084
11397	12.5304985	7.310738
11402	11.193932	7.873854
11403	13.231941	5.120056
11528	11.371905	5.855183
11531	12.597229	6.9464526
11661	11.803861	9.321876
11666	11.579787	6.7252173
11793	15.084652	6.405745
11794	11.894746	6.7830853
11922	14.354261	4.7625933
11930	11.130191	5.9713635
12183	12.14084	9.12348
12185	10.617132	5.8355765
12187	12.420334	7.0951977
12189	12.653012	8.28149
12321	12.146877	7.0857587
12445	14.494101	6.40705
12449	10.989004	5.0987544
12450	13.89953	6.5095367
12579	12.858057	4.0718517
12582	9.537111	7.7731624
12711	10.868824	8.465662
12842	12.344552	6.0696087
12844	12.32343	5.7079725
12970	13.161095	3.7359762
13231	13.303157	5.16805
13232	11.238286	7.2537136
13234	11.963929	7.0096774
13493	11.072969	6.803617
13494	11.624487	6.0162315
13626	13.506008	6.6370034
13757	14.986858	6.4268527
13758	12.552896	5.5486817
13890	12.659736	7.150538
14022	14.882812	5.580237
14149	11.161113	7.704673
14152	13.022439	4.496662
14154	12.501582	7.8366003
14279	11.211419	9.402717
14281	11.954359	4.7293873
14287	10.032394	8.793242
14410	11.275479	7.6711793
14542	10.546142	6.7580824
14677	12.042669	5.984676
14804	12.383935	7.771985
14934	12.324279	6.544683
14935	13.525354	5.6105175
14936	14.625381	5.8214455
14939	14.535422	5.4723186
14941	11.009917	7.288754
15066	13.100636	7.9141507
15067	12.505061	7.936616
15074	11.35176	4.6268063
15196	10.491117	8.657681
15198	13.322963	7.9749017
15333	12.292012	4.76566
15462	12.031768	6.441201
15465	10.483874	7.804489
15591	12.085449	6.3337593
15592-1	13.8827915	8.4683
15595	15.537327	4.9314966
15599	13.020137	6.516544
15724	12.133158	5.394418
15853	12.633978	3.9245775
15983	12.376129	6.1818976
16244	12.107967	4.7711782
16245	10.993738	6.8931584
16252	12.096256	4.350117
16253	11.966866	6.704983
16375	12.594148	6.1059403
16379	11.7397995	7.3831606
16508	11.291587	5.355794
16509	13.042398	8.39658
16639	12.425744	7.6779118
16645	9.834868	9.275089
17035	11.841128	4.9396415
17036	11.341973	6.354587
17162	11.412902	7.040147
17169	14.132621	5.5285473
17292	12.646201	8.541156
17293	11.877688	8.514039
17301	9.466558	5.3308806
17427	13.0758295	4.995485
17430	10.530496	8.470594
17431	11.06781	8.190045
17691	13.4425335	6.257086
17693	10.708309	7.5557623
17816	11.518867	5.38792
17819	12.3231535	7.6067834
17948	14.119017	6.4240913
17950	12.5462475	5.858128
18078	13.38831	8.437936
18081	10.250101	7.1873827
18082	10.147647	8.400645
18085	12.605216	6.729775
18216	14.922651	6.6249933
18341	12.099962	7.4375925
18474	9.521483	8.546409
18476	13.235124	7.7134786
18606	11.495986	8.781115
18607	12.863499	4.4220386
18608	13.500041	5.90649
18735	10.596437	7.9866686
18736	11.898776	9.143072
18867	9.830769	7.880186
18870	9.182216	7.726119
19005-1	12.49119	4.860855
19128	13.140147	4.441245
19130	13.066484	6.3552923
19132	10.403429	4.986678
19259	13.680816	5.726115
19261	11.641215	6.561177
19264	12.540895	5.1285954
19390	12.245743	9.104589
19392	11.605301	6.7359424
19519	14.889561	4.9144573
19521	13.659637	7.239766
19524	12.495043	6.1390324
19525	11.8561	7.5399613
19782	15.591687	4.905323
19912	10.92373	5.560484
19913	11.70079	8.917405
20047	10.699821	7.007372
20175	13.723634	5.8156404
20305	13.915897	6.8505025
20309	12.130295	8.266811
20439	12.111432	7.170705
20568	13.833976	4.7051563
20569	10.5209255	6.6926003
20570	13.732987	4.581827
20830	14.08039	9.290006
20836	12.768479	5.903074
20964	11.674645	6.2661266
21091	11.931563	6.525603
21225	10.38969	7.7133875
21485	11.974617	7.180725
21614	12.760525	5.8897123
21617	12.057142	6.9870715
21743	11.430472	7.4362755
21745	12.413721	5.1406193
21874	15.054221	5.243838
21875	12.788857	8.1472645
22003	11.91802	7.3950744
22007	14.416327	5.4523487
22009	13.298562	7.280915
22134	12.27182	7.3392034
22136	11.132192	6.022443
22141	13.244462	6.047189
22393	10.46025	6.3198547
22395	12.606093	8.015084
22523	10.796239	7.7885065
22656	13.97922	3.9278877
22657	13.553069	5.7308607
22783	12.4710655	8.68001
22785	11.93852	7.4927874
22789	12.3732195	4.4347878
22920	12.550486	7.122861
23044	14.000941	7.0489273
23045	11.718363	7.594236
23177	14.239722	7.5683265
23306	12.056693	7.8936515
23433	12.862886	7.7326884
23563	11.766158	7.742094
23564	14.096203	6.288212
23565	13.162408	7.1869216
23566	13.278407	4.801102
23567	15.569831	6.426019
23572	13.78734	6.059844
23696	8.585095	7.760557
23702	11.814779	6.1605296
23829	12.675617	7.3389587
23953	11.066937	7.551603
23954	14.088487	3.829979
23957	11.206256	4.786869
24086	11.699409	6.47635
24090	9.569141	7.359341
24213	13.360439	6.3242707
24219	11.579236	7.339782
24350	12.958811	4.3064475
24605-1	13.025606	7.5659137
24606-1	11.447927	7.464203
24739	10.959946	6.1684484
24868	10.037795	6.1107183
25123	12.522282	4.308251
25386	13.42123	5.8793225
25390	14.301662	3.4411795
25520	10.634407	6.896373
25643	11.167606	8.026199
25774	11.276423	5.3517013
25775	10.901693	5.7621393
25780	12.885598	8.2037525
25903	13.379029	5.9770346
25905	11.643282	7.785933
26036	12.572384	6.0704308
26038	14.910996	6.158665
1-1	10.707535	8.418312
7	15.076588	5.5421233
9	10.550092	6.318881
24	7.721463	8.437884
27	12.864499	10.118107
28	13.076826	9.006111
30	11.752973	9.0701
32	13.250079	6.6439643
48	15.641572	6.4248137
49	13.715442	5.3582125
52	15.568113	5.4309583
69	15.2958145	4.8268843
93	12.491439	9.130155
94	12.987765	8.406124
99	12.799666	7.789606
115	9.111893	9.061527
116-1	15.761284	6.0986633
117	12.986399	6.972492
118	8.122775	6.755638
120	8.599186	6.6707187
121	12.209371	9.545702
123	13.312925	7.407189
142	13.603165	7.379158
143	9.735682	6.991225
146	13.147008	7.9497085
163	14.663985	8.020518
164	12.574095	7.265378
166	9.601594	7.948381
185	12.923203	8.225271
186	14.474672	6.9750504
187	9.95265	6.758437
188	12.973653	8.798869
210	13.32469	4.650292
212	8.727414	7.297712
213	9.804468	5.3452787
214	13.936109	5.477121
215	11.028953	5.38587
230-1	7.40029	7.8142214
231	14.594809	5.0578923
235	9.954903	6.089687
237	8.3769455	6.5529428
254-1	14.028007	7.0407786
255	9.240866	7.0964947
256	12.133568	9.021963
257	14.206279	5.8806825
276	8.571071	8.667277
281	14.369212	6.6249566
282	10.000177	5.103578
299	8.660209	8.127928
300	13.761278	8.632268
302	13.323177	5.06946
307	13.586419	7.5162673
323	13.118529	9.951314
347	8.562862	8.300186
349	14.39332	9.099019
369	15.47329	5.2913165
370	14.477608	5.8000712
371	15.189584	6.759589
372	10.980825	8.797034
391	14.749315	6.356142
414	8.571658	8.791674
419	15.220275	5.3754377
421	14.87948	8.509576
422	10.729424	7.2463784
437	8.19092	8.693822
438	13.701237	9.488497
440	12.350877	9.1371565
441	13.908961	8.966983
442	8.534012	7.514171
443	11.794738	4.7494564
466	11.987269	4.2349105
486	7.4122343	7.8974185
487	13.597094	8.189841
489	8.044262	6.94048
490	13.638092	7.8581877
491	13.779764	4.5546813
508	8.219332	9.102065
509	15.042131	7.519606
530	15.49686	6.524454
533	14.078599	4.6609354
534	12.528134	9.683446
535	7.8714113	6.795904
554	13.823205	6.2595696
555	9.441945	6.331224
556	13.795278	6.134814
557	15.257127	4.647328
559	9.303915	8.339663
576	13.844956	9.509154
583	14.388916	4.941659
599	15.329136	6.6545362
600	8.283872	8.746593
602	13.854919	7.6318545
606	10.205027	5.4848933
622	11.726897	4.5234704
623	14.557364	5.002217
628	8.878939	7.310964
645	15.829716	6.026016
647	12.046219	8.597104
648	13.31384	8.153839
670	12.37849	8.078995
671	13.752136	3.7650774
673	14.629907	4.716375
675	14.872239	8.437631
691	13.492126	9.635012
696	10.64352	5.988815
716	9.138757	6.7592278
717	12.351987	7.1162653
720	14.583831	5.1822877
739	12.61069	9.430568
743	13.48785	7.0265675
761	8.033544	8.51014
764	8.660468	8.417585
783	14.121185	6.8859096
785	12.77965	6.133834
787	12.748347	8.178668
788	10.458189	6.8790097
809	13.138729	4.8313966
812	12.336266	5.1977425
813	13.906674	8.886834
832	11.785084	3.8485713
833	8.860943	7.637056
834	9.916703	7.307585
853	13.476846	6.506703
854	8.617259	8.987461
855	13.922155	4.4539943
858	14.86502	7.449272
876	13.540696	8.513022
879	10.9754095	5.7593703
880	14.609383	5.463049
881	12.242431	7.156789
902	15.02487	4.5970273
906	11.095593	6.275464
921-1	11.041574	9.330575
945	9.750904	6.2247887
946	9.579317	8.692943
948	10.481808	7.4193463
949	14.543262	4.485122
969	9.498167	8.449535
970	12.584806	6.0156236
973	9.556392	7.707984
974	13.077913	3.6651175
990	13.414587	8.216107
991	12.8659315	6.98951
995	13.5581045	8.59604
997	10.321174	6.737758
1012	14.167932	4.6715355
1013	15.481398	5.8413944
1014	14.158169	8.561999
1015	8.36822	6.6652155
1016	13.570554	5.4090033
1017	11.496429	7.6455097
1020-1	14.864884	5.752622
1035	9.208493	8.39346
1037	13.448454	5.0994067
1040	11.383577	7.8592067
1041	11.839738	5.353061
1059	15.345811	5.719032
1061	12.849635	8.258089
1082	15.467954	6.6909423
1083	13.523258	9.504666
1085	10.640212	7.883072
1086	11.632734	8.679891
1109	9.5775795	7.714609
1110	12.6460905	8.021594
1111	7.4751163	7.002578
1112	13.9275875	5.6588492
1128	8.302935	7.5416694
1130	15.586557	5.589296
1133	9.475768	8.6655245
1134	10.262779	5.7529097
1151	9.732721	7.0696216
1152	13.059565	4.8884287
1153	14.758366	5.9414477
1157	13.063238	5.573455
1173	13.350549	8.378231
1180	12.05943	6.673783
1193	9.072603	9.115023
1194	9.07179	9.085868
1195	14.294555	6.738056
1196	13.3441515	5.798699
1197	14.164482	5.8004465
1199	13.223697	5.3225956
1217	9.019352	5.773724
1221	13.053565	6.528425
1222	11.744039	5.1792593
1237	13.201621	8.545151
1238	8.66716	7.9530034
1241	14.652239	4.2089367
1260	12.235604	7.092559
1261	9.885598	7.748695
1262	8.857283	8.487096
1283	8.7396555	7.845117
1285	7.3999605	7.472679
1286	9.808075	5.7714024
1304	11.461755	9.326161
1305	15.083668	5.2856116
1306	14.117782	4.223909
1309	9.096862	6.8241997
1311	13.919491	6.063704
1325	13.585659	9.6788845
1326	13.547153	3.7541244
1327	14.439967	5.4153295
1328	12.817414	7.4730945
1329	14.36842	7.0520372
1349	8.879809	8.995503
1350	13.8460655	8.90215
1352	13.8112545	4.133897
1354	14.887076	5.1647806
1371	14.609162	7.2459292
1374	12.001802	9.427884
1392	15.17788	6.0982103
1395	15.120152	7.494722
1398-1	12.887362	4.5615115
1399	11.051418	6.541652
1415	15.474708	6.4323316
1419	14.603134	4.2842946
1420	13.090365	6.127888
1421	12.779211	5.1355863
1422	12.185493	5.1790237
1438	14.276715	5.347503
1443-1	11.871141	6.78496
1457	7.7404866	8.147934
1459	15.772205	6.53143
1460	10.081055	7.9622755
1461	7.916696	7.045746
1462	13.317743	5.8500896
1481	10.376058	5.544349
1482	12.684738	8.213667
1508	13.724536	3.8752892
1524	14.149891	4.769282
1526	13.257338	5.0910964
1527	9.714135	7.029296
1528	13.396271	4.1645136
1529	13.72279	6.411126
1548	8.314818	7.1126456
1550	14.030273	4.880288
1571	15.199803	6.7623396
1572	14.2010565	7.4499545
1573-1	11.531818	5.4626303
1574	9.774707	7.1271086
1589	14.756501	8.414575
1590	8.805644	7.6127234
1592	13.461297	8.160729
1596	11.486808	6.750416
1598	10.2420225	5.521285
1613	13.904889	8.57824
1614	9.444099	9.242416
1615	12.96829	3.9676812
1619	9.66783	7.6544313
1634	14.199786	7.7854686
1635	12.976421	9.733261
1638	13.591024	3.9663534
1640	8.457737	6.5123167
1657	8.658846	8.504247
1660	14.19657	7.4759603
1678	13.787879	9.853996
1679	9.103177	7.8792686
1681	11.416342	7.2258277
1684	11.053771	6.3251233
1685	11.284596	5.9603868
1700	10.686862	9.211564
1702	8.31852	6.429728
1703	12.1132965	7.3771358
1706-1	12.168184	6.501762
1707	13.917446	7.0417686
1724	13.609915	9.170272
1725	9.850137	6.8623443
1743	14.417521	7.0507774
1749	13.574148	3.483428
1766	15.363364	5.035266
1768	13.66808	8.351527
1772	8.650626	6.4894733
1795	12.7753725	9.258099
1809	14.224745	9.560766
1811	8.573382	8.399406
1812	12.441614	4.7138915
1813	14.5215025	6.0126953
1814	11.983324	8.461676
1816	9.856895	8.994208
1832	15.877131	4.991896
1835	13.003915	7.6302104
1837	13.982964	4.6397786
1838	9.78984	5.7527676
1840	11.0968	9.138732
1853	14.582728	6.369199
1854	8.945141	7.0928636
1856	14.038045	4.391865
1860	11.634385	5.3777084
1875	14.145171	9.438246
1876	13.552037	6.4177423
1877	14.859109	7.5600157
1880	14.131201	5.191741
1882	10.017806	7.0593653
1903	13.365327	4.6922607
1904	9.961093	9.359833
1919	13.889443	9.935692
1921	8.36029	7.405161
1923	14.037698	8.685333
1925	12.619221	8.66763
1941	7.393202	8.166954
1943	13.954147	7.8196487
1945	11.295613	4.9167056
1946	11.850702	4.813423
1963	7.9481473	8.562924
1966	13.989036	4.994403
1968	8.62556	6.25989
1985	9.5941305	9.227029
1986	15.110329	5.3369055
1987	13.180351	9.488189
1988	9.359449	7.0429277
1990	12.646693	8.333156
1993	14.626844	7.361267
2008	14.269008	7.947791
2010	14.267695	7.343478
2011	14.581585	3.686741
2031	14.441166	7.7013307
2032	9.71588	7.4231195
2033	11.917997	9.746683
2034	14.106787	4.6855736
2037	12.059088	8.386541
2051	12.667255	9.993792
2053-1	8.511141	8.146158
2054	10.118036	6.1785293
2055	9.016481	8.823908
2058	8.961318	6.953026
2075	14.598764	5.5958495
2076	10.9356165	6.586479
2078	14.212465	3.2760396
2079	9.932075	8.895949
2096	13.651313	5.4763746
2099	8.279379	7.2756515
2101	8.880503	6.3429875
2118	12.984954	9.980904
2120	15.410211	8.2000065
2121	13.780593	3.7303352
2123	9.5798235	6.709785
2140	14.180572	8.910222
2144	8.1293125	8.015633
2146	9.487463	6.9729776
2147	11.770515	7.685836
2163	13.612902	8.274782
2164	13.784223	6.069027
2167	13.8990755	6.4132357
2168	12.405205	6.3841443
2185	11.99704	8.230637
2189	12.773013	7.541114
2191	13.264848	5.203326
2206	13.298699	4.1306214
2207	7.8029313	7.577318
2208	14.939203	5.334072
2209	11.485858	7.46513
2212	9.582955	9.079755
2227	15.165057	7.567039
2228-1	14.933233	4.516207
2229	10.11171	8.802295
2233	8.27	6.415621
2234	13.694192	3.9602466
2249	13.20681	8.885321
2250	13.610135	9.178729
2252	13.9790325	5.8271093
2254	11.597376	7.654608
2255	13.366921	7.903896
2274	12.310729	5.388591
2276	14.8024	5.100381
2293	15.422009	4.5442963
2296	12.802937	6.6211634
2297	13.862293	8.336313
2298	10.139568	7.8790936
2317	13.273719	9.524799
2338	11.696275	9.212811
2340	10.445788	7.7424545
2341	9.895775	8.237529
2345	10.419402	5.94249
2360	13.722675	4.8536882
2362-1	7.287108	7.1480966
2363	14.503974	4.6806793
2365	8.162794	8.69123
2381	13.178262	9.874244
2383	15.44232	5.2149353
2386	9.99499	6.5148654
2403	14.0848465	9.169438
2405	13.503927	8.157459
2406	13.402308	4.3716817
2407	8.002398	8.665078
2411	13.241076	6.4084024
2426	15.26849	6.273041
2430	9.262263	7.3172326
2431	13.69327	7.68173
2450	13.027179	5.7048726
2451	11.817185	8.352723
2453	14.492994	3.6479158
2455	10.416166	7.6883564
2469	14.167945	3.9165068
2470	13.981741	5.9004345
2473	14.462529	7.2589345
2474	13.720804	5.4964685
2492	14.819814	6.000668
2494	12.475201	7.953635
2496	11.994266	7.070493
2497	13.265837	4.2898464
2498	8.702396	8.679162
2514	7.7955174	7.573855
2519	10.855575	8.564785
2536	9.733681	7.1192756
2539	13.112978	5.1305766
2540	13.457524	7.643301
2542-1	12.417475	7.7489595
2559	13.971327	4.9274664
2562	15.072229	4.2998896
2579	7.5446157	8.325102
2584	12.16427	5.405242
2585	14.282037	3.287842
2586	13.614507	4.095063
2587	12.893614	6.8043895
2603	10.661985	7.9116263
2604	11.348171	8.65135
2605	7.427149	7.7047534
2606	12.476201	5.7104816
2623	14.529219	7.141008
2624	14.779768	7.953754
2625	9.966508	8.032465
2645	8.846744	9.387878
2648	9.858639	8.450225
2650	14.2681675	8.334402
2651	9.365584	7.4361
2652	13.390518	4.2368693
2653	15.271427	6.5411325
2670	14.228872	6.2319865
2671	13.189205	4.6191707
2673-1	10.499529	7.4345207
2675	13.803824	4.2712903
2690	12.701757	7.401805
2712	13.577772	9.889704
2714	10.20746	7.7296114
2717	14.579136	6.6777573
2718	12.950297	5.1650953
2719	12.839443	6.7673793
2735	12.758552	5.772769
2736	8.784266	7.9957333
2739	12.6017275	4.5896635
2756-1	7.7770467	7.565461
2759	13.388053	4.8653016
2762	12.753706	5.4997873
2777	8.067337	7.4917903
2783	8.204523	7.35097
2784	13.410158	8.332361
2799	13.285897	9.4548235
2800	8.427452	8.667001
2801	11.373892	8.37625
2803	8.979869	7.719434
2804	10.286331	5.853359
2828	8.966881	5.8195834
2845	8.387119	7.5170965
2850	9.586115	8.213572
2866	15.798979	5.216987
2871	14.536614	4.77193
2872	12.648489	6.9882026
2873	13.24481	4.5143323
2890	10.032198	4.9955544
2909	15.119368	8.414857
2911	14.592096	8.286504
2912	13.398678	5.905326
2916	13.936131	3.768061
2933	8.954239	7.6427155
2937	8.6063595	6.994858
2939	8.447265	6.637023
2954	13.998263	9.223807
2977	13.951863	8.345904
2978	8.282967	6.531267
3000	7.938497	6.85053
3001	14.20381	8.407959
3002	14.597688	5.65335
3004	13.369104	7.8848953
3019-1	13.286909	9.173357
3025	11.854891	5.9273314
3026	11.104912	5.8559446
3049-1	13.071111	8.340304
3063	9.219643	7.1875396
3064	14.996711	5.620796
3065	15.109665	5.802325
3066	11.86268	4.5826
3067	9.270311	6.664576
3085	9.461505	9.137378
3086	12.553334	8.973261
3087	7.7509904	8.879062
3091	12.19967	5.3497925
3107	13.693164	9.996655
3108	14.151926	8.625748
3109	14.305372	5.9918556
3111	7.057566	7.3531733
3113	8.050379	8.762599
3131	14.351748	4.8038454
3132	15.133364	4.941281
3134	12.322789	7.332801
3136	12.406475	7.05967
3152	14.019196	7.939167
3153	8.260151	6.9948034
3155	12.796261	8.908267
3156	9.72047	8.306178
3157	13.188674	4.202469
3158	13.214129	7.0214505
3173	8.437836	7.8998065
3176	14.817419	5.082953
3178-1	14.361295	5.9539127
3179-1	13.7085905	5.0464168
3180	10.79831	3.9328187
3198	13.833941	7.2471113
3201	12.906567	5.2711
3202	13.070915	6.583554
3217	8.415322	8.282426
3221	9.275715	8.676385
3224	15.033624	4.946021
3225	11.7354	6.455988
3239	7.6924853	7.6640744
3242	11.9698515	4.58759
3261	13.331437	9.597114
3262	12.475985	6.572086
3263	13.044632	7.8621354
3265	9.05231	7.138323
3283	14.966958	5.214689
3288	8.199705	7.9978366
3306	13.823809	9.540461
3308-1	15.574202	4.881924
3311	9.930924	7.002336
3327	13.592268	8.251238
3334	12.948047	3.705639
3351	9.745498	7.103722
3356	12.904659	3.6602414
3371	15.381161	5.0849323
3373	14.157106	9.012048
3374	13.091066	5.551464
3376	14.543526	5.600891
3377	11.858295	4.7633257
3378	9.007398	6.020028
3380	11.974359	5.9727454
3393	8.152218	6.9665966
3395	15.122142	6.1324563
3397	11.018964	5.369503
3400	12.893064	3.7002504
3415	13.205122	6.142089
3417	10.274324	7.4173636
3418	14.517075	7.3172107
3419	12.308734	8.103872
3438	14.503212	6.281811
3441	9.794074	8.058755
3442	14.2751255	7.4711223
3481	14.169057	5.4289837
3482	11.974624	9.199669
3483	11.988717	8.895339
3484	13.335278	8.986246
3485	8.569565	8.916262
3486	11.666827	8.006338
3503	12.861546	8.962889
3505	12.613189	9.363611
3510	14.526268	5.1587625
3525	8.283502	7.871999
3527	15.139546	5.6662316
3528	14.046346	9.40636
3529	15.031547	8.555392
3531	12.94793	4.1288633
3532	14.336887	6.135798
3547	12.996738	8.752029
3548	15.260914	5.8453884
3549	9.3539915	8.588375
3550	12.239364	9.679055
3552	8.985341	8.642723
3553	13.738672	4.4527125
3555	13.276146	6.093328
3569	9.537197	8.112854
3572	14.0911455	7.8938584
3574	8.987987	8.055494
3577	8.916272	7.6329026
3591	7.774059	8.068111
3593	8.138183	7.8554955
3595	11.389125	9.384004
3596	14.363778	5.9991245
3614	8.699699	9.179512
3615	13.581018	7.6185718
3617	10.591331	4.9833364
3620	7.610906	7.995907
3635	15.475958	5.6814795
3637	13.282043	4.272237
3638	13.334939	7.090942
3639	13.191494	7.7510505
3657	13.802978	9.513287
3658	13.02031	6.5192685
3659	8.224	7.3272395
3660	9.532134	6.9614444
3662	12.759481	7.7989097
3664	10.595472	8.375652
3681	11.583589	8.734473
3683	13.879445	8.381712
3684-1	7.690254	7.862652
3701	13.420313	7.3660364
3703	12.587341	3.9214766
3707	9.523486	5.668842
3708	14.582681	5.088537
3724	7.83151	7.208614
3727	13.731351	4.913721
3728	12.703872	4.522363
3729	14.97817	6.277696
3745	10.508235	9.121442
3746	14.089665	8.805196
3750	12.168848	6.4421163
3767	7.8981423	8.753986
3768	13.267988	7.606045
3769	9.230747	8.218868
3772	12.654786	5.248284
3774	11.105695	5.5787416
3789	13.662431	5.033487
3792	7.5033865	7.0854793
3794	12.875627	5.043167
3811	12.139643	10.014556
3817	13.05809	4.557522
3818	11.291074	6.715029
3838	14.090296	4.8141646
3857	7.9880486	7.209198
3860	10.67257	5.276452
3862	10.838123	5.9792356
3879	7.96946	7.437889
3882	10.125633	5.6487336
3884	11.293874	9.215921
3901	13.7581	5.4906096
3906	8.74184	6.6099434
3921	8.678354	9.252322
3924	11.56113	8.498764
3925	10.840277	6.2973757
3943	14.66164	8.39392
3945	8.055233	7.9860287
3965	14.572467	5.0237117
3968	12.65914	8.99826
3971	15.741944	6.283026
3972	13.003627	5.920486
3987	15.02482	5.498882
3989	13.221541	6.0356274
3990	13.731415	9.0191555
3991	13.595395	5.312902
3993	12.390645	8.613723
3994	11.395354	7.6593585
4009	13.382495	8.536606
4010	13.098782	4.6468506
4011	14.498072	8.723909
4033	14.173064	5.0176916
4036	14.437352	5.6387153
4037	12.462052	7.010925
4053	7.8190417	8.280057
4054	14.28908	9.28501
4056	14.930503	5.379985
4059	14.716576	5.8081217
4060	12.309247	6.8694553
4076	7.9942317	7.641776
4077	14.235646	7.807899
4078	10.369802	7.097818
4102	14.847404	5.336687
4142	13.403432	8.579035
4143	13.933485	9.130602
4145	14.430504	4.440512
4148	13.417948	4.3982167
4168	14.068219	3.9647973
4169	13.700406	5.647354
4186	7.993916	7.4752645
4187	9.010408	7.396258
4190	13.859287	6.986967
4191	9.81175	7.4335866
4208	15.215762	6.632992
4210	10.678782	6.633781
4211	13.737225	6.2873735
4215	9.760916	6.7327523
4229	8.539253	8.132643
4230	9.277951	8.547695
4231	8.709421	7.8699737
4232	14.485151	7.6316767
4233	10.105371	8.009127
4234	13.345674	8.491239
4236	12.451889	6.861397
4252	9.063842	8.707377
4253	13.863012	7.8525753
4254	8.341303	6.3531294
4273	13.314765	10.331226
4274	12.595599	8.5360775
4277	11.754501	6.007241
4278	11.023574	7.536345
4279	13.040458	8.375136
4280	12.976096	8.084531
4295	7.6500244	7.6921744
4298	8.259085	6.540284
4299	15.220538	5.23707
4300	9.169412	6.352282
4317	8.038101	8.884914
4319	14.787139	6.3439956
4322-1	14.690787	5.0617375
4324	8.686131	5.957335
4344	10.49243	8.389536
4366	12.641144	4.824303
4368	11.222724	4.81364
4384	14.472602	9.422071
4385	14.044938	4.1025176
4387	9.549243	7.5841446
4388	13.40196	3.4219158
4405	8.58308	8.031605
4407	14.4374695	6.1472044
4410	10.191718	5.50631
4428	13.345253	9.479524
4430	7.76139	8.220676
4431	14.703268	8.0791
4434	11.771661	7.352738
1-2	12.997037	9.993424
2-1	7.6464605	7.880266
3-1	7.9513183	7.2194166
4-1	13.999802	7.256981
6	9.1685295	6.3006372
25	13.671101	4.63501
49-1	8.632287	6.840001
75	9.646506	7.26357
77	10.734977	8.148054
94-1	12.565414	9.355915
97	9.87538	9.0831375
99-1	9.408235	8.376377
115-1	8.204256	8.005165
118-1	12.1221075	8.437309
122	7.780989	7.311457
123-1	12.923482	6.024866
139-1	14.716111	7.973358
142-1	8.970398	7.469271
143-1	11.305334	6.998326
161	15.062544	7.2236667
162	8.704472	6.9252214
163-1	11.624835	7.0314546
164-1	7.3188725	7.7213407
167	10.783212	6.251814
187-1	10.889791	7.490452
191	13.831085	5.096355
208	13.8182535	9.753886
209	7.65071	6.9312005
210-1	9.204367	9.0028305
212-1	14.041276	8.964671
213-1	7.60804	8.182783
216	11.0283375	4.6223574
232	9.035328	7.840848
234	11.651392	7.752778
235-1	12.06658	5.3056703
238	14.85822	6.747845
255-1	13.90247	9.010653
257-1	12.492068	4.9302096
258	12.873054	7.6050835
260	8.672739	8.268172
261	10.708553	8.19319
281-1	13.027134	5.3880844
285	14.697613	8.214088
300-1	14.4228735	7.8737993
301	9.648271	7.771947
305	13.025478	5.9343243
324	14.309716	8.93964
347-1	10.0188675	9.367778
349-1	8.838166	6.248025
353	11.826836	5.591549
367	7.9139295	7.9943995
374	8.934217	8.251218
375	13.75668	8.074591
376	14.071725	6.9248757
390	14.312227	7.3874407
398	9.472181	6.2130966
399	9.22336	6.532237
412	14.289468	5.4555073
414-1	14.723795	7.4073324
416	14.180942	7.112529
419-1	9.61534	6.336769
435	13.154196	9.132567
436	11.921513	8.733278
437-1	14.322379	6.036042
438-1	13.4492035	6.954157
440-1	8.35763	8.5053625
441-1	13.771974	6.3234224
442-1	12.895342	8.623425
458	12.515527	4.777604
464	10.26376	6.4508076
478	8.962392	7.699236
480	13.906416	7.9274187
482	14.659569	6.0932736
483	14.270928	7.652416
502	15.106642	6.1087475
504	10.128203	7.7885675
522	8.893922	7.294345
523	14.736459	6.7916865
525	10.088491	6.695952
527	13.784531	3.5463912
545	13.168105	4.0894036
550	15.015569	5.471677
566	14.570229	4.263014
570	12.448428	8.93525
572	14.165684	7.725514
588	8.938144	7.939914
592	13.731389	5.909957
595	10.187361	9.564592
610	13.205453	9.733117
613	10.984017	8.82909
614	14.398656	8.598738
617	13.320565	7.052703
632	14.477384	5.227322
634	13.782627	8.070423
635-1	11.308756	9.4601555
637-1	12.314335	9.106298
639-1	8.972015	7.2890806
640	13.249479	6.621394
655	8.6263075	7.790574
658	11.97206	7.780957
676	14.5416765	6.5124345
679	9.435577	6.8954697
684	9.042959	7.9582367
698	9.692513	7.707852
701	11.479513	6.5021133
702	14.409142	7.1500773
703	15.569537	5.4309635
704	13.893216	8.823392
705	9.39998	5.7218804
706	7.819828	7.2044554
721	9.785467	8.552483
722	7.774604	7.5383396
723	13.5436125	9.005416
724	13.713274	6.758849
728	10.924641	6.660007
742	11.923305	8.144137
743-1	14.326813	5.4843984
744	8.499445	7.1596127
746	14.321424	7.68705
747	11.459855	9.413676
749	14.78616	5.4062576
766	10.170479	6.3533916
767	11.867196	7.88529
768	14.001081	5.865513
786	7.882241	6.7188687
787-1	12.540036	8.763727
788-1	12.863291	4.431365
790	11.576143	7.3607535
792	15.390629	5.334229
793	11.695863	5.0483317
811	8.842976	7.7730227
830	15.86311	5.536076
832-1	13.738385	4.304114
834-1	13.364254	5.1558733
836	13.004088	7.1683583
851	8.8460655	8.639496
854-1	9.160019	8.632593
857	13.218174	8.139937
858-1	10.0346365	7.7809095
874	8.240393	8.474175
876-1	13.894321	8.532669
877	14.167793	8.769931
878	13.443236	6.2997694
900	15.139198	5.6302404
918	15.801403	6.3862643
920	14.338969	4.289104
922	14.293919	4.8943315
940	7.6425834	8.154999
941	15.07909	5.3297715
942	7.709615	7.6505303
944	13.15383	7.055501
947	14.055895	5.3139596
968	12.047303	5.1926656
985	9.109272	7.6383677
989	13.722488	4.0386643
991-1	9.991669	5.9713783
1005	8.894214	7.6670885
1006	12.961896	9.9933405
1009	13.132414	9.111482
1011	15.819729	5.3086085
1028	14.597125	7.5341463
1029	12.82396	8.466749
1030-1	14.189712	4.556087
1032	8.280317	7.288049
1035-1	10.02441	6.4388666
1049	8.62477	8.900267
1050	14.95425	7.2047987
1051-1	14.7204485	8.50383
1052	7.8001504	8.451202
1053	12.587177	5.3637285
1058	11.481177	7.8377366
1074	13.970471	7.661283
1077	13.513092	5.957643
1080	12.431861	6.3220825
1095	15.554518	5.1474566
1099	13.923261	9.774917
1101	12.910706	9.244306
1117	10.889806	8.907078
1119	14.79055	7.920507
1122	12.514663	6.4218016
1138	9.616618	8.926569
1141	9.28368	7.1252584
1142	7.037004	7.4698634
1144	13.662767	4.8455586
1159	8.533236	8.570912
1160	15.0653515	7.3662286
1165	9.8567705	7.5626554
1167	10.119082	9.503585
1184	14.665388	4.0813546
1185	12.949856	9.208307
1189	10.529898	7.8448772
1204	9.678437	8.542247
1205	13.891748	5.116131
1212	7.446341	7.579993
1226	7.635819	8.027762
1227	10.342605	7.985431
1229	8.44505	7.508092
1230	7.9581165	6.6205354
1234	9.755882	7.208758
1247	15.150163	8.164416
1248	11.495757	8.312171
1253	12.656324	7.098826
1256	12.844153	7.456131
1272-1	9.300916	8.417385
1273	12.23839	8.298738
1275	12.129938	8.048336
1276	12.265031	7.156786
1292	8.158105	7.036481
1293	12.396994	8.577933
1295	11.475024	7.3937807
1296	12.465741	7.5838532
1299	8.260169	6.453425
1313	12.477311	9.711927
1314	14.769324	7.64846
1315-1	8.496037	7.4601355
1316	14.277918	9.06554
1318	11.845919	8.447287
1322	15.042932	6.9240737
1336	7.7229857	7.0867496
1338	10.662916	6.166438
1341	9.256456	6.6421504
1357	7.777854	7.9421806
1360	7.609007	8.22243
1361	12.981971	3.9461842
1362	13.3614025	9.182666
1363	11.197137	7.17238
1380	11.450563	8.76965
1381	14.318885	4.809813
1382	12.21317	6.90839
1384	14.775532	6.3812256
1387	9.966092	6.413942
1401-1	15.042269	7.2149324
1408	10.642839	8.620863
1424	15.690156	6.5609264
1425	9.993424	9.187006
1427	11.274116	7.688036
1429	9.670272	5.4163976
1445	12.837397	9.973659
1446	12.202282	9.885331
1448	11.560346	8.077703
1449	8.702623	7.297439
1451	8.087805	8.48913
1468	14.285512	5.578482
1472	10.676677	6.190127
1473	9.183198	5.930488
1475	9.310114	5.540025
1494	8.947108	9.040674
1495	13.922148	7.493964
1511	14.476676	8.6577835
1513	15.623498	4.771656
1514	7.87008	7.9360943
1519	12.964265	8.528666
1533	9.203103	9.026012
1535	13.200937	9.840122
1537	12.388918	7.87996
1538	13.802399	6.0430093
1539	11.418604	5.3173866
1540	14.428205	5.677409
1556	8.006759	8.146866
1557	11.779389	9.644789
1559	8.435252	8.74906
1564	11.329781	5.910913
1579	8.50187	7.25931
1581	14.619945	4.6272993
1582	11.918768	9.575968
1584	8.715971	6.8016353
1585	13.641226	6.020721
1604	7.258062	8.003176
1628	9.417282	8.555768
1630	13.129294	3.6125295
1643	8.399844	8.525972
1644	12.607196	9.704624
1646	7.2420864	7.0146785
1647	13.212836	5.7612157
1650	14.054566	5.690584
1666-1	8.597804	8.847978
1667	15.307251	7.0588284
1672	10.787435	8.658984
1693	10.733705	8.423438
1694	14.73257	6.6365023
1695	14.361559	6.584354
1709-1	7.672691	7.403531
1710	12.535462	9.762946
1712	12.807601	8.486726
1717	13.141936	5.135065
1731	10.429633	9.208973
1732-1	11.636244	8.064092
1735	10.632055	6.9478803
1736	9.620683	8.244643
1756	9.185339	6.9266424
1775	14.821385	6.202689
1777	7.310702	7.9406643
1780	14.2949	4.7812204
1801	9.755276	5.8583627
1819	15.368621	6.069585
1821	14.454341	9.080899
1822	13.317711	7.753174
1823	12.613536	8.700218
1826	14.439247	5.1419873
1843	8.082405	7.570089
1844	8.103583	9.131358
1868	14.227227	5.156575
1870	15.364611	7.922966
1887	14.403907	8.807211
1889	12.165985	9.1148
1890	8.698164	6.780949
1892	11.648814	6.8294497
1908	12.581744	8.499484
1911	8.505241	8.146178
1916	13.3620615	7.348494
1931	14.876033	6.3474226
1933	15.5488615	6.001552
1935	12.395669	8.957845
1936	11.766234	8.3892765
1953	8.520449	8.7779
1954	12.372	9.336036
1955	13.231986	8.337647
1973	8.062708	8.524377
1974	8.838733	6.323445
1975	15.509709	5.942568
1976	13.400047	5.310671
1995	12.608747	10.080029
1997	11.898489	8.592765
1998	14.723374	6.8815126
1999	9.2890215	8.121044
2000	13.138635	6.977583
2004	11.8128195	5.2889667
2017	14.056214	7.825235
2019	14.267507	6.3408837
2020	11.781248	8.910912
2039	7.673739	7.594807
2040	13.841869	9.462564
2041	13.172291	8.048204
2044	9.326382	7.2990217
2045	9.954426	8.702172
2061	14.17831	4.3318596
2062	8.648376	7.478442
2063	13.607369	7.2116566
2064	12.402495	4.1934714
2066	12.5374565	4.654614
2084	13.853969	8.67884
2090	12.522287	5.150391
2107	13.953298	5.703317
2108	13.72231	6.199238
2109	14.701045	5.208719
2112	8.923082	7.319174
2113	12.800669	4.263839
2131	7.9023213	9.056501
2134	10.304402	8.245808
2135	11.890224	3.949342
2152	13.547244	3.891103
2153	13.319432	6.678523
2154	13.318094	3.9925234
2172	7.5038424	7.282732
2173	9.386662	6.933451
2175	12.026608	7.9812045
2177	11.948021	7.8686056
2194	14.572355	8.170065
2201	12.578403	6.737656
2202	9.584616	8.685407
2216	15.8427515	5.4333973
2219	12.9942665	9.79803
2222	12.635685	9.17287
2239	14.35112	6.269903
2245	13.8498	6.0589933
2246	12.302139	8.457343
2261	13.00439	5.3248262
2262	9.318046	7.214277
2263	14.702329	6.814507
2265	15.478296	5.6633015
2281	13.7676325	7.7322407
2282	14.986218	4.6663485
2283	8.128356	7.5306535
2284	13.704646	5.672709
2287	12.815909	8.427335
2305	13.920038	7.6791162
2308	13.846849	7.507512
2310	12.90034	8.917291
2311	15.079346	5.224746
2326	12.911058	9.350529
2327	12.240098	8.748888
2328	13.267613	7.320986
2329	13.417508	4.7293344
2347	7.6829505	7.580168
2349	14.630312	4.9237595
2350	9.168865	7.031062
2354	13.728654	8.488693
2355	12.962206	7.9403777
2370	8.765705	6.6036777
2372	13.926351	6.3485837
2373	13.289128	6.371131
2376	11.098503	5.255433
2377	15.302656	4.934213
2392	9.391783	6.959795
2395	11.317078	7.201856
2398	14.143093	5.0977373
2414	12.631058	7.78992
2418	14.208682	8.11301
2435	15.687836	5.725007
2437	11.481128	6.0304794
2442	13.026532	7.575035
2460	13.192563	4.5287085
2464	14.57194	7.237691
2465	12.565757	7.2632384
2481	7.90166	8.148477
2487	11.090339	5.726573
2488	8.256551	6.7269974
2501	13.488125	9.476768
2502	9.573262	8.849414
2503	14.581006	4.9264183
2505	12.3527975	6.177875
2524	14.520695	5.070914
2525	12.930999	8.738173
2527	8.320611	9.109681
2530	12.077886	5.57027
2531	14.505193	5.7867403
2546	8.332223	7.3446712
2548	13.174309	7.699676
2549	11.514914	8.720205
2551	14.135202	6.755287
2552	12.410951	7.506102
2567	9.129556	7.5415363
2568	14.254593	9.245413
2571	8.675231	6.982251
2574	13.8699665	4.09407
2590	14.116497	6.331451
2592	13.920542	6.6613812
2594	9.543612	8.861243
2596	13.617733	7.733489
2597	11.895159	6.5678954
2613	15.25144	5.7487745
2615	12.496197	7.7460856
2633	15.072577	6.4575667
2634	14.993546	5.993198
2635	14.848808	6.6696405
2638	10.097594	4.950238
2640	12.192603	8.190769
2641	14.928829	5.7569575
2656	15.30555	5.7912827
2659	14.101222	7.4468174
2660	7.829152	8.273452
2662	14.076363	8.835218
2678	7.9712834	8.077409
2681	10.225839	8.079798
2683	12.1747675	8.042655
2699	13.362133	9.252176
2700	8.282396	7.614816
2702	9.383999	8.343134
2703	14.2345	5.467682
2707	8.794051	6.572773
2721	7.8796477	7.187826
2722	7.430409	7.5289207
2723	12.526282	5.1852264
2726	13.360542	9.470576
2728	11.905393	5.1683006
2730	9.581579	7.4297853
2743	14.487372	7.365069
2744	9.413564	8.468547
2745	11.450018	9.528905
2747	12.50051	9.873736
2749	14.447382	6.6043735
2768	14.739214	4.145019
2771	13.118716	7.292305
2773	12.601679	8.537768
2790	13.431838	8.678109
2794	12.086628	8.443874
2809	15.131418	6.267173
2810	12.790992	9.974789
2814	12.308639	8.081664
2816	9.904702	7.5516295
2817	7.1590314	7.0988827
2831	11.574949	8.727954
2833	14.254788	9.361895
2837	11.978545	9.395598
2838	9.023536	6.3144445
2840	10.645441	3.9540877
2855	14.031913	8.155581
2856	14.319204	7.4488206
2859	8.047836	9.006466
2860	13.489216	5.4212036
2861	13.529809	6.205302
2862	9.340448	5.83879
2898	8.236938	8.334491
2901	15.127551	6.539683
2902	10.736591	7.096411
2903	9.475604	6.932391
2921	15.100281	6.4082904
2922-1	14.037351	5.3223753
2926-1	9.5244465	6.8119197
2941	13.433698	9.611134
2942	9.057067	7.4954615
2949	12.559022	7.540564
2964	12.618077	5.524933
2966	8.940185	8.657593
2969	10.344081	8.3327
2970	11.463428	6.1899047
2971	12.8181095	5.9695783
2985	9.65552	8.897916
2987	15.015154	5.9715285
2991	14.883308	7.9244947
3007	13.234794	9.091484
3009	7.7642274	7.314619
3012	12.740427	6.199606
3013	12.546496	9.466117
3029	15.072751	5.2501225
3032	13.47914	4.963248
3033	9.380546	6.654459
3052	8.504126	7.179575
3054	12.2851515	8.609897
3057	14.239706	4.9347367
3060	14.21256	7.3363256
3073	15.672153	5.6471643
3075	12.5566225	7.3109374
3076	13.809539	4.248
3077	15.181145	6.541625
3095	8.4603815	8.477547
3098	11.953968	9.628737
3101	8.246202	7.4652023
3118	14.907705	6.522351
3119	8.801579	8.854978
3120	9.2689495	8.943047
3140	12.972737	9.446923
3141	12.668777	8.233142
3144	13.857108	5.463514
3145-1	14.448972	7.123593
3146	8.4648695	6.0204315
3162	14.492087	5.333075
3163	14.286993	8.057035
3164	7.4045496	7.7428126
3166	10.901119	7.267021
3169	9.558204	6.0222454
3186	13.333286	5.3665953
3187	13.417894	4.511267
3188	12.314187	5.9185796
3206-1	7.8293934	8.234881
3209	9.130176	8.17539
3227	9.645778	8.519962
3228	10.780523	6.7802634
3230	14.180363	6.781655
3233	11.461993	8.112504
3250	13.654172	8.137661
3251	9.616613	7.8854504
3252	12.411607	9.023759
3272	14.173548	5.639059
3273	12.997614	10.083952
3276	12.108201	7.6178713
3294	10.76384	8.934784
3296	12.756059	6.838813
3297	12.784297	8.115694
3298	14.11805	4.1052823
3316	8.452293	8.49372
3318	10.50928	6.0243773
3321	8.708306	8.774425
3322	12.0236435	6.2036276
3337	14.356071	8.578895
3339	12.331591	7.9560456
3344	13.714015	4.146414
3360	8.042281	6.7558627
3382	15.6785555	5.956452
3383	11.188474	9.770321
3387	14.965471	5.4037266
3388	10.933929	7.9290156
3406	8.43473	6.69503
3408	13.475284	7.476171
3411	12.755358	7.99976
3427	14.556406	6.914124
3428	14.158429	4.457752
3430	10.646263	6.3889613
3431	15.05475	6.2097597
3432	11.330995	4.6450186
3433	10.513862	9.603783
3450	12.631847	10.143429
3451	13.940624	8.108156
3452	14.096103	4.110847
3454	8.521118	6.5348253
3471	14.373985	5.971851
3472	13.128601	8.858892
3473	14.10861	4.706588
3475	13.139089	6.0629945
3492	15.287796	6.675883
3493	9.565808	7.1487627
3494	8.842176	8.830219
3495	9.303337	7.5170083
3496	12.674844	8.988011
3497	13.943065	5.1846495
3515	15.67895	5.088939
3516	7.6529255	7.384323
3518	11.863723	4.0980453
3520	10.2439	5.3506813
3535	14.912056	7.354599
3536	15.608984	4.8156595
3539	13.461662	8.219908
3542	11.829103	6.122775
3558	8.144464	9.046744
3562	13.753605	6.849595
3565	11.022908	9.209984
3582	7.6341743	7.8105364
3584	10.865995	9.316468
3587	14.300553	5.5210667
3601	14.699466	4.275331
3603	9.15558	6.6733723
3606	11.847843	6.6499195
3607	9.482504	7.8321676
3609	13.062407	8.623394
3623	13.5437155	7.127661
3624	13.409089	6.8996763
3627	13.977761	6.8545036
3628	11.825788	4.740431
3645	13.517802	8.704068
3652	12.457284	6.3624425
3669	12.352761	5.690496
3671	14.801514	6.415467
3673-1	11.977805	9.608867
3690	8.2112255	7.9644046
3692	9.311238	6.707541
3694	9.564613	7.5961356
3716	13.295827	8.826527
3733	7.560878	7.062775
3734	13.494163	9.582249
3735	9.003493	7.394108
3736	10.653635	9.554683
3739	8.433016	7.728869
3740	11.642373	6.058583
3741	10.0057535	7.126868
3756	13.928161	9.171219
3757	8.321643	8.411541
3759	13.223479	3.5976095
3761	10.735784	4.961307
3762	10.25954	6.9160686
3778	7.344881	7.3337784
3779	10.234583	8.790834
3780	13.408664	5.363651
3784	8.980444	7.9251456
3799	7.992796	7.4159374
3803	8.324557	8.314949
3804	12.101116	4.6206427
3805	13.07554	7.62088
3821	8.930245	8.380196
3822	12.920829	6.849293
3826	10.015473	7.8702917
3827	11.610972	7.0601463
3843	14.053794	6.7522674
3848	14.974852	4.7887006
3849	7.8664007	7.90375
3850	9.6562395	6.852585
3865	14.639165	6.842287
3866	9.438583	8.251586
3867	14.3144245	6.0134673
3888	9.853889	8.204692
3889	14.408012	5.6211104
3892	14.239763	6.5976048
3910	15.010779	7.969127
3911	12.548867	9.335071
3912	7.676576	6.9221663
3913	13.935238	6.433244
3915	13.251555	8.597765
3916	13.112373	6.894804
3932	14.794804	4.6459417
3953	13.856479	4.751975
3955	14.002453	5.7724867
3956	13.130235	8.572929
3957	14.217884	7.4171786
3959	13.852317	7.129534
3961	11.507285	5.431282
3975	8.259511	8.280113
3976	13.0540695	5.468723
3977	14.821355	5.9502354
3979	13.684357	3.9028702
3982	9.08515	7.3732533
3997	15.310685	4.6552467
3998	9.558022	8.202506
4000	10.380481	8.937852
4003	14.99061	4.747372
4019	15.358923	5.2590237
4020	10.719788	8.884119
4022	12.322441	4.666254
4041	13.499735	10.062338
4043	13.119734	3.8375788
4045	12.68612	4.995154
4049	13.360165	3.7876441
4066-1	13.666525	4.4905353
4068-2	9.613118	6.761143
4071	10.77096	7.177139
4085	13.815504	6.852191
4088	14.482933	7.757946
4089	13.834996	5.2349114
4091	14.407691	5.527931
4092	14.782359	7.120692
4110	11.065721	7.6219997
4111	8.93951	6.5725513
4114	13.04591	7.882564
4130	8.602767	6.5933156
4131	12.504373	8.10339
4132	12.615157	8.478954
4135	11.813807	5.2595625
4136	14.717882	8.804607
4151	13.051388	9.68081
4153	15.02178	6.153434
4156	13.069055	5.7742653
4157	12.274252	8.72371
4158	12.500392	3.9364133
4176	15.139163	6.0887785
4178	13.419013	7.311153
4198	9.625478	7.619543
4203	13.134806	4.498994
4218	14.111546	5.3448315
4219	11.297264	8.822361
4221	12.6153	4.656129
4222	13.929787	6.067216
4224	12.759025	5.189496
4240	13.293523	5.5302415
4241	8.141501	7.6428423
4243	12.971334	6.102694
4261	13.547156	10.072493
4265	14.063042	8.200155
4266	13.858445	5.990463
4268	11.91545	6.5161157
4283	8.579689	7.8812504
4288	9.348918	7.388223
4305	8.475868	9.205377
4306	13.171218	5.907912
4307	14.203759	5.774388
4310	9.427518	6.5948157
4312	12.892471	6.88781
4327	8.809787	7.4553556
4328	13.689389	9.503662
4329	9.616616	6.685254
4331	12.573545	6.0563617
4350	14.147324	8.529784
4351	8.10676	7.348033
4352	7.4933925	7.484314
4353	9.244448	6.3944473
4354-1	9.996824	6.424779
4357	12.73782	5.8954186
4371-1	13.482079	8.812296
4374	13.877981	7.3051305
4375	8.449441	8.149502
4376	13.982859	3.8276567
4377	9.008713	7.0484285
4379	10.932611	5.43583
4394	14.433521	6.607214
4395	9.359742	9.314032
4396	13.596625	7.6602573
4399	12.523307	6.2353907
4400	14.945182	6.740753
