id,cell_growth_rate
4,0.7794816098694536
116,0.7309798843347766
119,1.0404209796145618
230,0.4794198973153647
233,0.9407634315282208
461,0.6824348086764268
462,1.482842328052676
929,1.0915625725462896
1383,1.111839476851305
1612,0.5728804768246976
1728,0.7816965497449578
1732,1.4002981368051413
1841,1.642412787631718
2533,1.4436276343504437
2763,1.4217258371188253
2994,1.1788407968016048
2995,0.9102861530272716
3458,1.1504575113438407
4371,0.9929550064994987
4607,1.0213314522751076
4953,1.0466991912788826
5407,1.0650246511213883
5529,1.1031718824353025
5639,1.1064000469879602
5751,0.7470155409464284
5869,1.4140366019330644
6561,1.1425971481604635
6562,0.9225655783828702
6788,1.009294240110871
7023,0.8061604487967363
7363,1.5105172329438812
7478,1.3761921747261445
7481,1.5040720514692545
7596,0.9902523973394285
8051,1.11737854802651
8058,0.9034008401080978
8283,0.8685372572605509
8286,1.3872838047759337
8397,0.9720660699686614
8861,1.0488988330818185
8978,1.0712892422798024
9201,0.8196291995545099
9889,1.085757041424215
10572,1.1580426633710275
10796,0.9952476582104108
10803,1.1141898891802218
11481,1.0253905673404815
11712,0.41290909702240985
11828,1.165779122807642
11830,1.0599032954161263
12049,0.47801091739826307
12278,0.9978955772669538
12505,0.9218218189578286
12509,1.0504867739276154
12510,1.9047805443773698
12734,0.6943699512320136
12961,0.9256394489021179
13077,0.8520721796631496
13085,1.1232989718135493
13417,0.5619651977721876
13426,1.0209029680962933
14216,0.9269256085340333
14336,0.9698097657366093
14900,1.1462278892721642
15014,0.7652073532621393
15362,1.0346173742220335
15587,0.9732586201897193
15590,1.2185302559006286
15705,1.1231052301811757
15706,1.0760738653424269
15707,0.9406868196179635
16384,2.5061849059760295
16953,1.1813179965472735
17182,0.9608884070713604
17980,0.6941195216951057
18664,1.0519230365426204
18779,0.9111639002403734
18897,1.0386616041062844
19003,1.2179528140632294
19005,0.8178359138640778
19009,0.772138129875865
19010,0.579306345568852
19231,1.0809405572519974
19234,2.0450204614401364
19236,1.0475201459815056
19349,1.1717662545434888
19351,0.8877415469176275
19461,1.188113521566055
19695,0.9280595855275332
19801,0.7420171611742864
20151,0.7454893571774991
20379,1.1380211263922386
20489,1.1335287805796572
20717,1.081241802319939
20827,1.3515517981488743
20832,1.5103552227654065
20833,1.140561927380039
21972,1.1849320649086674
21973,1.1594477714268745
642,1.198498859213402
1030,1.0670487876993855
1666,1.130252175609469
1668,1.0886972051295571
1671,1.077766857367833
2053,0.9738010279621583
2307,1.2483763606033196
3206,1.1182300398622822
3331,1.0621584155785673
3461,1.9051611547444465
4354,0.6313230791610124
4996,0.9598346987009617
5508,1.1372010726044877
6407,0.7950638599566244
7046,1.3203683032460294
7556,1.2151233773713586
7557,0.9905553095494226
7558,0.8987972877071978
7812,1.1064721435429636
8323,0.6703574678311651
8705,0.7117665182945806
8967,1.0315261484002851
9217,0.5747471330674917
9477,1.0292521137102588
9986,0.5192255618203165
9989,1.054466285358853
10117,1.0395094576373938
10248,0.9207157904028151
10499,0.7071109219290864
10625,1.4160583031333753
10628,1.1051261997088344
11265,1.0020895706779398
11649,0.5507890989233105
11907,0.7842450944524526
12034,1.0702208203970516
12418,1.0636739768860417
12930,1.126873088657361
13309,1.3808733723454525
13818,1.4959861745573626
14578,0.9820580423962532
14703,0.960345387886951
14833,1.142336417378661
15592,1.1410345505387294
15593,1.2056689150398983
15975,1.0772494228883025
16103,0.9841158756468816
16232,1.034151548021572
16735,0.9666620789130895
16865,0.42179758463234246
16991,1.8074533176396288
17116,0.5860913276948292
17880,1.0960713742184396
18392,0.9904554382645897
19659,0.9761705108471989
19661,1.043281103631742
20169,1.0156143218593225
20420,1.434577584412407
20548,1.4468413536210543
20805,1.128237319024488
21182,1.0688270139641396
21310,1.2035094161633992
22201,1.0074339592547508
22707,0.8893057431856902
23085,1.540964711416083
23339,0.49734551570420554
23342,1.3418892588435696
23595,1.052810902511066
24229,0.9579599489401568
24357,1.1946689503265908
24863,0.9381449186418235
1,0.9480856496347565
2,1.0831847818058378
127,1.3694080785126668
254,1.2711664573215387
382,1.1222616765293578
383,0.9619094119059854
384,2.197069844119692
385,1.3091257677116084
511,1.0684944182458742
516,1.0018730592198373
635,0.6825781889490222
636,0.45475307609692456
637,1.0448630986672778
639,0.9459473840893767
893,1.0308981496806275
897,1.3816610196359465
1020,0.4876955194255372
1150,0.9575874786630612
1271,1.0834469137698457
1272,0.914667575632739
1277,0.974109785282993
1398,1.2173729463222456
1401,1.2745402812365079
1654,1.0123579681747057
1655,1.1830732936907966
1656,1.0457867636719127
1781,0.5192326372360666
1907,0.887825462628419
1909,1.2280264014386568
2160,1.045657010582783
2162,1.0631994210180544
2289,0.9957515811550569
2417,1.112629711302548
2421,1.0032374845708294
2542,0.9787804098435934
2544,1.129606706446955
2673,1.02365153245432
2674,0.8194098983843043
2922,1.251325017788993
2923,1.3109860460364708
2926,1.0057232350250918
2927,1.2546612830376511
2930,1.0263835918612412
3049,1.4284080693003658
3058,1.0375022792387987
3178,0.9934623676255444
3179,1.0381075844041043
3308,1.2928971627644148
3429,0.451703077812069
3436,1.2803180243986856
3557,0.9554999351062617
3684,1.3311585857588417
3685,1.0140792179176072
3686,1.6242230540263087
3688,1.0861754216032045
3812,1.360754111292468
3938,1.2868149429728548
3939,1.1317029386380681
3940,0.5959097240615963
4065,1.005195542507449
4066,1.2163465228970438
4067,1.72819756467801
4068,1.2252868790576166
4070,0.9434079049857687
4322,1.1632577029582767
4326,1.069591706751546
4451,1.026791844956545
4700,0.8694533213050393
4701,2.0064784549300834
4826,1.1507868868174984
4828,1.027890894336791
4833,0.8686544242903297
4835,1.037698967298239
4954,1.0744393047169007
4960,1.0144637387735933
5208,1.22576772817753
5211,1.162734991348353
5334,1.3584605349609291
5336,1.2312679176797954
5461,1.3742017085727707
5462,1.1371985653882382
5463,0.7532898364045619
5464,1.1415992320965032
5470,1.0284832017763317
5716,0.9581171546110169
5718,1.4050303904135872
5970,1.0423553482007062
5971,1.0974597901617813
5975,1.032811260691296
6104,1.3339971239010917
6355,1.0920240249003776
6478,0.9631550579063356
6607,0.98580976175896
6608,1.168164086401259
6610,1.081193768529411
6732,0.8653146527195216
6735,0.9713364782829714
6863,1.0485910445405868
6989,0.8388892596519426
6991,0.9905393834973071
7369,1.1574840217827016
7493,0.43682036632565896
7498,1.1216009170145953
7620,0.8553030737936699
7626,0.9184249621357078
7747,0.7280595012703945
7875,1.0237258370220195
7877,1.0339261865381912
7881,1.061796591413461
8009,1.0565797850541052
8129,1.1167209413147485
8133,1.0584914236979945
8135,1.0006027836058804
8137,1.0006957266841672
8255,0.613817270076295
8257,1.0874107677191964
8263,0.9765863592998658
8384,0.7115545828831237
8386,1.0329555265140453
8510,0.8155615914300334
8511,1.1672987561056645
8513,1.0810626371686762
8636,0.7164123620888511
8638,0.9710970426496083
8642,1.0398494538530243
8768,0.8078172631319696
8890,0.8961367384510954
8891,1.2544730147969796
8892,1.1100672037534196
8894,1.1431275566130579
9017,0.8174622301919252
9019,1.0499761709883233
9020,2.1826056820598567
9023,1.300172470404753
9024,1.0709270955858583
9144,0.47523190557914635
9275,1.017107949365854
9399,0.9224434269210147
9400,0.9705853669377175
9527,1.0773801463977524
9530,1.6398605364562682
9653,0.5617546599270684
9780,0.6931355816500805
9909,0.9345159201809312
10034,1.1715853087840833
10039,1.2473666672668262
10288,1.0427641475926834
10289,1.3683223735488257
10544,0.9663885094491477
10547,1.0077867959647713
10668,0.9089736397002711
10674,1.0590864676780518
10795,0.8756869355448909
10798,0.9350549200014641
10802,1.030521117550195
10924,0.9924320315054226
11050,0.8950710662151061
11305,1.0603840404403118
11310,1.0293610183107804
11432,1.0201671990599765
11558,0.865257813028409
11685,0.5379871440493633
11686,1.1327519160241857
11692,0.877640441863057
11811,0.8285981470811097
11813,0.9959343417456729
11814,1.4502769409355252
11817,0.9645836419941834
11938,1.0425275397816196
11940,0.8519172091489892
11941,1.3184371273760036
11942,0.9919865876589159
11943,1.0938723126844094
12066,0.9987830960022018
12069,1.0976538765912482
12073,0.987203672362596
12193,1.419291605609677
12326,1.2265143059021757
12446,1.9517836150788492
12574,1.1811123119267783
12578,1.0236402946116718
12706,0.941703352024578
12709,1.0580300197853563
12827,0.7552227792556077
12835,0.9559305158133096
12957,0.771627421496721
12960,1.1219051361653574
13081,1.0767965938316133
13082,1.2819682081336543
13083,1.439028454971229
13085-1,1.1331970148212966
13209,0.7044920217385828
13214,0.9652159623157313
13335,1.1709671678018219
13341,1.434511906334616
13464,1.065574596210743
13465,1.0889014038098854
13594,0.8052306689726048
13717,1.055988643016414
13718,0.6667136944114233
13723,1.050276452769083
13724,1.0429471294614057
13843,0.61138502100501
13849,1.1280038833916095
13970,1.0139787307522425
13971,0.9706026043968197
13973,1.0079620064791672
13974,1.157350761628735
13980,0.9997808767648383
14097,0.8161259462221647
14101,1.0159742181428248
14105,1.0072382429694122
14226,1.0859650544339523
14231,1.0187439004929861
14351,0.9095388198851837
14352,0.858047904339543
14481,1.0757402530781186
14485,1.0310726855051646
14609,2.1556276133934444
14612,1.177862408366567
14733,1.0225249609542117
14861,0.42127653649788915
14862,0.913323818796758
14986,0.8902579292979903
14987,1.1681287530976392
15113,0.6204998142217251
15116,1.2343605084236953
15245,0.9951899887290353
15246,0.827132179222198
15367,0.5197439010931624
15370,0.8401357244168826
15496,0.9482455735602656
15497,1.0466805149570613
15624,1.6397670635140673
15627,0.9962366113895307
15628,0.9898323981448216
15630,1.0414608906705478
15753,1.0006205216522501
15877,0.9961301163928229
15878,1.1561778928697728
16003,0.7830938737127875
16004,1.19611688120427
16007,1.2224576003491971
16009,0.9513222209209797
16129,1.1686561379679
16130,0.7739874700401204
16131,0.6591796665541895
16133,0.9971492153489997
16257,0.9042679099068235
16258,1.305687504483856
16263,1.0343760194568876
16384-1,0.8728396751603392
16387,0.9765846864025283
16637,0.5595777757655374
16643,1.0162375048790768
16764,0.7170628276008315
16893,1.0610149438269532
17018,1.971504423112647
17020,0.9315681271159337
17022,0.9805458755115221
17146,0.7197114205242705
17147,1.4650981117092645
17149,1.130864440191611
17275,1.1330170861309992
17404,1.1932294850341283
17405,0.8886777737026212
17526,0.9500024304272898
17527,0.8913677504298796
17528,0.8216391936464316
17654,0.6453420252999351
17782,1.0709102864552937
17785,0.9991577785747191
17789,1.1094185558211538
17909,0.8703486006615638
18035,1.1801376260068797
18036,0.9267006399232406
18042,1.0022391628436824
18167,1.036821576314585
18288,1.4478584798203817
18290,1.0691822702363933
18293,0.7231206009560952
18419,0.9915584041305225
18420,0.9031837120320777
18670,0.8450119342607372
18801,1.0281401062223086
18805,1.1045229951499989
18926,1.094808160084506
18927,1.7704730756585536
18928,0.9836658829029259
19050,0.847516818463805
19051,1.0372931393783673
19052,1.0134435610781312
19055,1.1387312792122213
19177,1.3840510908884125
19180,1.0362236980791832
19182,1.4040914764851153
19305,0.3837396526869088
19306,1.0531117104583723
19310,1.0617893889982644
19559,1.2348965286692382
19685,1.2408002016160826
19812,0.9188500308092344
19820,0.9516810357089458
19942,0.9042791802130346
20071,1.0211192352184104
20193,1.1442894387046938
20194,1.1361923862714316
20202,1.0760880162740443
20450,1.1564586185213224
20576,0.974401118819021
20577,1.0677244706832116
20703,1.0191847955754276
20705,1.5277178591445573
20825,1.43578718275952
20827-1,1.2364763868575273
20829,0.9231777580526742
20832-1,1.0613570574413809
20951,1.1512938886057333
20957,1.0163289608539188
21082,1.0635384531640362
21083,1.229915036914474
21206,1.0886540611080784
21329,1.467611764826061
21330,0.952928400354952
21456,1.0854123931030435
21581,1.1965574957949907
21585,1.078061049195685
21710,1.1133225236858526
21715,1.004997921103677
21836,1.032950207327392
21961,1.069678609717864
21965,1.2727729665433407
22085,0.9156745416241385
22087,1.0369319051609893
22090,1.0043189288673577
22091,1.0276713708516463
22092,1.1062060957679842
22211,1.0978566263941842
22212,1.2411063338816337
22215,1.0928643925970574
22218,1.0203720805736605
22464,2.218992050754504
22465,0.5340938596420115
22597,0.9723807238768761
22715,1.0009470228479138
22718,1.2640677463508243
22719,1.0354345371514084
22967,0.7785639260523369
22968,1.134911096879346
22971,1.131159493349188
23095,1.2964847132314357
23097,0.9353155644781487
23099,1.190618478303019
23221,1.6114240678263752
23222,0.6850610404650694
23347,1.0621749022738074
23472,0.9189455066316374
23598,2.109041015811288
23600,1.0280082827485324
23604,1.050451572864285
23723,1.2054870722519684
23724,0.9668210133709567
23729,2.0075044180608184
23856,1.3266741568101934
23975,1.420576873164278
23977,0.9597794503179635
23978,0.9437690049265116
24227,0.6189419444128932
24232,1.0220053961008384
24233,0.9802945521353656
24353,1.163271871284458
24360,0.929344557054543
24479,0.9853138035218117
24488,1.0128609302496832
24605,0.44115500310103123
24606,1.3310559462753238
24612,0.8490910883142945
24733,0.9777150577570269
24738,0.9837603010030265
24863-1,1.0293784881836492
24985,0.9945755320496703
24993,0.8773971495148465
25115,1.0322369865113952
25239,1.4989136246593824
25240,1.296605113705985
3,0.9739273700312445
138,1.0399670119434763
139,0.9402329284808628
263,0.8968207425375755
397,1.0141967372545717
657,1.0357130000095316
919,1.2237736750299082
921,1.013839838959089
923,0.791370903300302
1051,1.0067487120747198
1054,1.0341695931894253
1056,0.9989393269697052
1179,0.9108821889998583
1181,0.7063443418764821
1315,0.5400306035775572
1443,0.47073248372801035
1447,1.0282844704201548
1573,1.1163870228658386
1576,1.1766196220063336
1704,1.0992000239453539
1705,1.448440642010848
1706,1.5018963966674201
1709,1.0674372534907985
1970,0.9729480172822889
2228,0.9113335979843957
2231,1.3076003787613915
2237,1.0147298523294028
2362,1.053376431811527
2626,1.0114871000138146
2756,1.0902213324309247
2758,0.7919923608666802
2883,1.0085078115759667
2884,1.0150143788808796
2889,1.0303497524354346
2891,1.048114449623456
3014,0.9877537554831922
3019,1.0741694643772646
3145,0.8127761064149779
3148,1.627564409495724
3280,0.7667491353005328
3409,1.1895822709721398
3410,0.8796553074996561
3537,0.9811885867546727
3538,0.5740064520029742
3544,1.0272433089576334
3545,1.0243600169382163
3546,1.0746687086818696
3668,0.830265306703391
3672,1.104949096311764
3673,1.201555410978804
3933,1.1005359924949647
3935,1.0108946897534687
3938-1,1.0133603475794057
4061,0.8905904901871164
4062,0.818282165447346
4064,1.030689107952885
4068-1,1.003927200608332
4455,1.2309253308115442
4459,1.0877941395559394
4461,0.9948589350734555
4721,0.8270539627171265
4722,1.037603351933803
4724,1.0736213009443325
4847,0.9845515961111189
4980,0.8946342246881882
4982,1.0258440268439717
4983,0.9705985965386907
5110,0.9430548074763431
5241,0.8558820597893246
5372,1.0154809810388
5374,1.1013783066286527
5633,0.8551429586775617
5634,0.9121507933765769
5635,0.9946670071019447
5640,0.8997193099069556
5768,1.3260593194855015
5771,1.122768078597413
5895,0.969382593985852
5898,0.9837238546676478
6028,0.6906138385488655
6158,0.9792991964895218
6288,1.0171152651475937
6289,0.5313989273932478
6421,0.9870832701130301
6422,1.094657171001831
6552,0.7944167064452818
6815,1.0347523991202718
6946,1.4228951134683683
7078,1.0373397322082818
7210,1.0963531877515498
7337,1.8037437166829613
7338,1.1890551187712914
7340,0.9612886836376595
7345,1.0484434475121631
7476,1.0264777881237706
7598,1.1353352576664766
7731,0.9703047256273926
7737,1.0166943060188078
7861,0.771064885188266
7992,1.0298274161704908
7996,0.7109705699072675
7997,1.4956392347390455
8122,0.572963362103042
8123,1.0404366523876236
8130,0.9981031501546092
8254,2.0164040261665312
8257-1,1.0706547179677772
8515,1.0574648300419032
8517,0.9494570411241279
8518,1.058229808593608
8523,1.0172743730645293
8652,1.089762757896302
8777,0.417651455260784
8779,0.98392377739675
8782,0.9682158946559174
8909,1.1516594181063358
8912,1.0345048890892552
9041,1.0828886709255825
9044,1.070007989006018
9046,1.0779360029494234
9171,1.1839929251356756
9173,1.1344988379385044
9301,1.0326202440205063
9302,1.0373796110725286
9307,0.9056564387154963
9432,1.3858064885869368
9434,1.1265863996051992
9563,0.5096856817961821
9566,0.9769721864506441
9695,1.0490796732895484
9700,0.9906221601617807
9828,1.2012798842585086
9830,0.8901183054166297
9831,1.186299048935238
9833,1.0121708986783355
9962,1.0403766159332752
10092,0.9532728188111111
10218,2.0596662045854477
10220,1.2779079744819932
10226,1.1798801796658809
10349,1.0442783819072468
10351,0.9854818824685174
10352,1.0450026523126479
10480,1.3498813730453385
10481,0.9811949410219495
10484,0.8385358003913308
10486,0.947601156356607
10611,0.8417553999299233
10613,0.8694904357380414
10617,1.019704254679831
10742,0.6694173781111022
10744,1.6073906001548244
10751,1.0186112420451796
10874,0.9913804425661844
10878,1.0212467273984878
10879,1.537013546242096
11007,0.878145974398727
11011,0.7553462469633537
11138,1.2521759909357202
11144,1.0424135688818112
11269,1.3256915714103785
11270,1.0117786171970864
11397,1.1806986013847725
11402,1.011451069414785
11403,1.0799999179162774
11528,1.0452808263857698
11531,1.0421631249494605
11661,1.0561537652888453
11666,1.0333056790621102
11793,1.0626227220654714
11794,0.9422460585872448
11922,1.0858545765606233
11930,0.9821115699038406
12183,1.1127456496424306
12185,0.6294577624758965
12187,1.0604335481586216
12189,1.0211150772099353
12321,0.8967715753568605
12445,0.672798436730686
12449,1.036274804305688
12450,0.9501304513528602
12579,1.3543475673143353
12582,1.0474426449119834
12711,1.1754732152020881
12842,0.8523647021502283
12844,0.9801982877877958
12970,1.1678903141475303
13231,1.318775091815425
13232,0.8645754765284501
13234,1.034798400903508
13493,1.3476272340504738
13494,1.597030883701422
13626,1.0970994475168443
13757,1.0311557530577786
13758,1.0280146789367222
13890,0.436202154947437
14022,0.9945563549556258
14149,1.1772653070224508
14152,1.031701096295822
14154,0.9216082371474211
14279,0.3267632231237317
14281,0.5828593984385186
14287,1.730576712385547
14410,1.182588901773855
14542,1.0198483009778996
14677,1.0587702202988176
14804,1.0647145677890213
14934,0.8642959962581823
14935,1.1404656351561673
14936,1.1757458822768192
14939,0.9722024173149961
14941,0.7382347077469881
15066,1.1524923563804406
15067,0.7100540528378176
15074,1.0054927804443599
15196,0.9635222044556884
15198,1.0852866749001608
15333,0.9989463287063484
15462,1.0702825525064488
15465,1.0770289937739543
15591,1.0043102355736022
15592-1,0.8376851087628587
15595,0.8108687650275587
15599,1.012668400477386
15724,1.0441581525338386
15853,1.0512159027014012
15983,0.9032524065153849
16244,1.020494238921929
16245,1.8155280032005516
16252,1.0079714328927574
16253,0.999640698973726
16375,0.9393876391364702
16379,1.0130576490765981
16508,0.9991007397411215
16509,0.9262995242477798
16639,0.9489621763223844
16645,0.4431348619971369
17035,0.9726556764354779
17036,1.0349070738074988
17162,1.368980287927408
17169,1.019584384687023
17292,1.157738759694363
17293,0.6526193952513045
17301,1.0106945892260417
17427,1.0373852512931134
17430,0.9396622923068348
17431,0.8868415650723326
17691,1.2604221868018457
17693,1.0403334211252224
17816,1.0531785140093028
17819,0.8909074615089565
17948,1.1493334734731613
17950,1.0754154227762012
18078,0.9838608872355604
18081,1.0199124788425153
18082,1.0149250554043812
18085,1.032499902118441
18216,1.0499324795368767
18341,1.0890272790732023
18474,1.2889400053439035
18476,0.9176910845895628
18606,1.0138789630843683
18607,1.0003249934403098
18608,1.0932467715550493
18735,1.0712709453498357
18736,0.6856901520794485
18867,1.0213850047090587
18870,1.0915019198519078
19005-1,1.013161439024411
19128,0.9413637111209017
19130,1.0020766833953916
19132,1.1534309405234737
19259,1.01791435792224
19261,1.0638490518459567
19264,0.894531130593997
19390,1.030383820715681
19392,0.9176486260239634
19519,0.9876075381070837
19521,1.0259616532227882
19524,1.2124425291192902
19525,1.0344041324428026
19782,1.2340858975996718
19912,1.1575871639249244
19913,0.45147292600682254
20047,1.0762902350238575
20175,0.7238307288799408
20305,0.701925878803948
20309,0.9972558151190455
20439,1.0198386015416034
20568,0.4950949525106315
20569,0.8575299893558002
20570,0.9416598715755439
20830,1.0572654351604347
20836,1.0360393939548527
20964,0.9964239059406461
21091,1.2219647168971046
21225,0.5532627686646565
21485,1.063373892245627
21614,1.112360013673462
21617,1.0280832379145433
21743,0.8564029549637677
21745,0.7105705143566456
21874,1.2789040461688803
21875,0.9935396861679454
22003,1.4339354720202426
22007,1.2193489622473004
22009,1.029351900457438
22134,1.1264644096555363
22136,1.0321913079890523
22141,1.0668811337537099
22393,1.035892193975562
22395,1.0120787573574692
22523,0.2986021823745507
22656,0.9769315746703101
22657,1.0522769492849844
22783,0.6040210466811784
22785,1.0603151041625676
22789,0.9874500356379852
22920,1.013318367495616
23044,0.9149635283474091
23045,1.400909801079922
23177,0.8579345945922624
23306,1.1675289832593772
23433,0.34797779315072336
23563,0.9690676715075472
23564,0.9716346079536886
23565,1.1028401464132445
23566,1.007982639351542
23567,1.0400270868088888
23572,1.1018725226768111
23696,1.3380997306441158
23702,0.9227147132198812
23829,1.1225961299187937
23953,0.5561788372453484
23954,0.9565098965083858
23957,0.9732998954377201
24086,0.998435243812908
24090,0.9184888589454461
24213,0.8711303331478631
24219,1.0292330790604574
24350,1.041624506777422
24605-1,1.0791347370894222
24606-1,0.7862601192830626
24739,1.2005867102464296
24868,1.07124557391862
25123,1.2164533930785175
25386,1.092155129188138
25390,0.981609727185781
25520,1.015250722001845
25643,1.2988374949867614
25774,1.2415241271515518
25775,1.0263782558561343
25780,1.0872781383800236
25903,1.0208350724691857
25905,1.2462860572998002
26036,0.7658270289423308
26038,1.2465400457496327
1-1,1.451992683713409
7,1.6696922101092806
9,1.2135723015209898
24,0.6106132446716968
27,0.8071453646940621
28,1.0768312267470217
30,0.9884143837965622
32,1.1028458572658726
48,0.8187676949140151
49,0.9726732696160252
52,1.011901096188701
69,1.4063947623640514
93,0.6609456346361913
94,1.42233911309074
99,1.0314625788075145
115,0.8529735731684956
116-1,0.46686872995126316
117,1.0521580466078349
118,1.2171878611064268
120,0.7044221443494008
121,0.869275366811402
123,1.05305455147109
142,0.9917121746425119
143,0.9780034615019567
146,0.8817798118090936
163,0.8719580710380845
164,0.49318349793948024
166,0.5136230447125725
185,0.6784019131698653
186,0.7015990880547097
187,1.3320419244340453
188,0.8686297121688883
210,1.0072274703604405
212,0.6343502058711267
213,0.8439342334786001
214,1.1582278035809055
215,0.7531710313780102
230-1,0.9597579533421462
231,1.0915790977472946
235,0.6839011704425977
237,1.5580705100219856
254-1,1.1757555108961555
255,1.1251762146786488
256,0.9278548589503705
257,1.0593720127920634
276,0.5174112748314403
281,1.1030682253639168
282,0.991819563354597
299,1.0447887207703226
300,0.9437266001503952
302,0.5863183770711935
307,1.142904531079577
323,0.9865708047604131
347,1.3399483873829716
349,1.027951869586847
369,0.7415156056871528
370,0.6435425939758148
371,0.9945410157284241
372,1.3020517214781453
391,1.544632459760478
414,0.7974048761885284
419,1.1776079732002491
421,1.0297232225132804
422,1.131605937554361
437,0.9613038432224918
438,1.5232250800483504
440,0.9729352427844193
441,0.7500855958075086
442,1.7477171422879962
443,1.0839306112230895
466,1.1620241333897963
486,1.887734637137351
487,1.3888340496896254
489,1.3549500512422517
490,1.0132204115346772
491,0.939740653782825
508,0.6921555190502897
509,1.095784422844876
530,1.0511412715310586
533,1.0746297578941564
534,1.25389180322538
535,0.9949002235061958
554,0.9369603050768694
555,0.7742598042097744
556,1.0437521726106693
557,1.9519265140786635
559,0.6593036832484758
576,0.6235440936360667
583,1.001968607509695
599,1.0807372511650204
600,1.1495414486968385
602,1.0549267607093493
606,0.9670404075048874
622,0.8975457897789115
623,1.0975673893367535
628,0.9182582702428908
645,0.7488960711879787
647,1.0059615704668583
648,1.1531058223569126
670,0.3820859814415904
671,1.1387154745793502
673,1.2529645095062056
675,1.029604113842649
691,0.6408918569884645
696,0.6164416226896541
716,1.614201152655879
717,0.9845104739780374
720,0.9263196953967002
739,1.0555016053483477
743,1.4757281610871495
761,0.5059307746438133
764,1.1547105163852462
783,0.6110630912150984
785,1.0993709890398937
787,1.0401779255388781
788,1.106225145341959
809,0.8157952777006433
812,1.1284032438088138
813,0.9821096709429287
832,1.127429631241623
833,1.3866991597750622
834,1.0894201971840585
853,1.6466683885095068
854,0.5665567251391473
855,0.9796724332223578
858,1.3420482074106064
876,0.9484083484279852
879,1.1043256526226304
880,1.0383193620705624
881,0.9790093047972308
902,1.056394191989268
906,1.0353634380762011
921-1,0.4021148256389429
945,1.4206912607992699
946,1.0376280902389103
948,1.7987556225221422
949,1.4979453429052403
969,1.1949880614342367
970,0.9972036095606307
973,0.9701759358791222
974,1.0240968563688515
990,0.732728512176565
991,1.0583736279867013
995,0.9858662829520755
997,0.9186833125144217
1012,0.8655126518054901
1013,1.5337481933397592
1014,0.9737471903654027
1015,0.7380227899801198
1016,1.1788552655929057
1017,0.9941998988936893
1020-1,1.3232942514114021
1035,1.4132987045241199
1037,1.206489023528492
1040,0.9950515503292305
1041,2.6199741082012555
1059,1.3865937503882257
1061,0.9476371568210771
1082,1.0286357961070196
1083,0.9601594293277463
1085,1.0254829499762137
1086,0.5837434095999406
1109,1.1703414561110064
1110,1.1914132984713242
1111,1.4157176872538464
1112,1.1109233650344326
1128,1.8171988123075793
1130,1.5431892487053074
1133,1.009936260346983
1134,1.5418033936487345
1151,1.2858094793737282
1152,1.353320579380909
1153,0.9569275630007091
1157,1.1145643222028883
1173,0.7125027575215523
1180,1.416815323000442
1193,0.516152318634654
1194,0.8439688150322123
1195,0.75766209796542
1196,0.7661266404086432
1197,0.8394538389593103
1199,1.0193416446798627
1217,1.0546667956232192
1221,1.1260206630105307
1222,1.4115623988842145
1237,1.2315922580772358
1238,1.3448310469980886
1241,1.0179197419533927
1260,1.0430395351787283
1261,0.45198651992274597
1262,0.7873633519381126
1283,0.7882896863435577
1285,0.9229318536466656
1286,1.233437728390639
1304,0.8705882463190201
1305,1.060607000576177
1306,0.9976244247642508
1309,1.166643326634954
1311,1.053323010044757
1325,0.8317745254974946
1326,1.0710379547578772
1327,0.9190643792009101
1328,0.9985457726373719
1329,1.0444165095496045
1349,0.7822502260567336
1350,1.0926024516103052
1352,0.9144653441458944
1354,0.9112060770362703
1371,1.080775358980279
1374,1.1671762041637
1392,1.182406896846094
1395,1.0937495825972838
1398-1,0.9598763516573674
1399,1.009102341067692
1415,1.7005092266157622
1419,1.1621222975705914
1420,1.1121045984079556
1421,1.0736151686989774
1422,0.9606716089684733
1438,1.149536266092597
1443-1,1.0183350953265655
1457,1.288725813286683
1459,1.1208394434885078
1460,1.361807514356623
1461,1.0856581591307246
1462,1.0373642539781733
1481,1.2702740365670269
1482,1.2437780088202879
1508,0.8874251183375588
1524,0.6270561472337021
1526,1.0324707542784524
1527,1.1872991403302988
1528,1.0816908999785473
1529,1.18814528713198
1548,1.3735331399398787
1550,0.9206765964960629
1571,0.9876836972458741
1572,1.3139915276977774
1573-1,0.8680514499650387
1574,2.9170970491370687
1589,1.3674920070456067
1590,0.5509308670029088
1592,1.0229001300100886
1596,0.568813602383588
1598,0.8408756033637643
1613,1.0132759924541617
1614,0.8453038951400204
1615,1.069782812995722
1619,1.0576692427617085
1634,1.3403970338642222
1635,0.7978041008285152
1638,0.9747942221818535
1640,1.2350541453707158
1657,1.1504884748505078
1660,0.9644871395849796
1678,1.0204146514493995
1679,0.7870052076104375
1681,0.6413729120127121
1684,0.9797352313461091
1685,1.0428419982391686
1700,0.9156886678654481
1702,1.074019935725488
1703,1.0013024365151375
1706-1,1.0115281712919784
1707,0.9573518608891182
1724,0.9155598126260128
1725,0.8213023182220298
1743,0.9560493471927184
1749,1.0064471712461562
1766,1.4091534990924175
1768,1.3160443547073375
1772,1.6141866861522773
1795,0.9480749640624314
1809,1.253962935666506
1811,0.9484955427049419
1812,0.6488403699150571
1813,1.0202928549503956
1814,1.2778562605784045
1816,1.1479493701521286
1832,1.6638133118858782
1835,1.3543284009860728
1837,1.0141820270481552
1838,1.2591348189938196
1840,1.0526093821603766
1853,0.8644618570330788
1854,1.0811387683117768
1856,1.0525665294216757
1860,1.1320799063581581
1875,0.5826750023025025
1876,1.0458094912683673
1877,0.7654155171149664
1880,0.9892723289541648
1882,1.1811479690984867
1903,1.0582851876580377
1904,1.245486180098192
1919,1.0473728361747008
1921,2.261492387906505
1923,1.0236130432668873
1925,0.8623544746023086
1941,1.3668759347388264
1943,1.054372202302849
1945,1.3729830134195964
1946,1.020163478214615
1963,0.8615647658218651
1966,0.8138756452640241
1968,1.4399960756497185
1985,0.9806347100759902
1986,1.1497846447621838
1987,0.7299536984854013
1988,1.7122013393516045
1990,1.132630809053862
1993,1.0061034780009026
2008,1.358346841826567
2010,0.9868162823413265
2011,1.0860522234080152
2031,0.9980810252015598
2032,1.416700979632948
2033,1.2454418192379173
2034,1.1415158749107264
2037,0.930658305957897
2051,0.41284133258689804
2053-1,1.3198579804051436
2054,0.48566642744515715
2055,0.8579879790689711
2058,1.4174342893424492
2075,0.8413844848975999
2076,1.3272805011508622
2078,1.3871821263793989
2079,0.9165429088497251
2096,0.968319125396561
2099,1.2708264630918262
2101,1.1396525272277147
2118,1.610549638957493
2120,1.1229564639842422
2121,0.993861979791031
2123,0.4621297204844844
2140,1.4250704604932023
2144,1.0983275913985417
2146,1.0492522304234084
2147,1.4529811959487733
2163,1.2622207097479445
2164,1.3970391039423327
2167,1.0422175181485998
2168,0.9930495530075956
2185,0.8529519012220103
2189,1.0161016977129875
2191,1.0546927236627144
2206,0.8481242501389032
2207,1.507413892020191
2208,1.0338737254653936
2209,1.2774417766847306
2212,1.6834886443345323
2227,2.4782900398850343
2228-1,1.1186385764318325
2229,0.5100124734188867
2233,1.0657261027306448
2234,0.9648959552267611
2249,1.5362056389950065
2250,1.455734123777134
2252,0.8813504243356467
2254,0.8835258656822028
2255,1.5628059873918543
2274,1.1149293063453953
2276,0.8776908794347638
2293,1.4075932261630573
2296,1.0999565551522639
2297,1.2084314191258798
2298,1.0470958613422894
2317,0.7621849383731012
2338,1.182306315762438
2340,2.2174609786735013
2341,1.7753206069668763
2345,1.151454444356257
2360,1.0609920929198315
2362-1,0.41150055136888897
2363,0.6096532860139845
2365,1.011239003322844
2381,1.0243552426464166
2383,1.215628213613657
2386,1.0130343843548535
2403,1.309723514147925
2405,1.0072386166924083
2406,1.4269357060585297
2407,1.1039115490667317
2411,1.0325860077580844
2426,0.9440638129873518
2430,1.0223095276422463
2431,1.212287997668934
2450,0.9932507629029638
2451,1.2829398386828446
2453,1.115034859263609
2455,0.8672159907845959
2469,0.8451141975892491
2470,1.0820242132475157
2473,1.0678225459258344
2474,1.0518173851528028
2492,1.2902393584649237
2494,0.6840145452390982
2496,0.9311060203669057
2497,1.3229517301514464
2498,0.953408226407814
2514,1.0919299041428276
2519,0.9859856958602071
2536,1.1329188903197998
2539,0.963284152320888
2540,1.1776871728111113
2542-1,1.5000964726627655
2559,1.0764929489887396
2562,0.852821149508814
2579,1.5402641347291322
2584,1.6308176326974357
2585,1.1516229226796486
2586,1.0957355790566168
2587,1.6104576216296007
2603,0.7688243670028819
2604,1.06844572881868
2605,0.7932093538871423
2606,1.1417970242310072
2623,0.8354800362876401
2624,0.5028383232475243
2625,1.546787315665888
2645,0.46583491411463573
2648,1.6074926994427108
2650,1.118659486748424
2651,0.9818673182752832
2652,0.7918352795715169
2653,1.469387134923988
2670,1.3758885795745257
2671,1.212116042923841
2673-1,0.8881406008648294
2675,1.0117921776128038
2690,0.9544691075969796
2712,1.0758228119933952
2714,0.7807704381340541
2717,1.008475131024639
2718,0.6120436865093117
2719,0.9673498808508716
2735,0.8287766029120892
2736,1.0857822837637676
2739,0.8730082354760745
2756-1,0.5957937268859002
2759,1.1458652809711773
2762,0.9509864770340508
2777,1.2767120325632069
2783,0.5718496551141612
2784,1.1633896785084243
2799,0.6833691057256058
2800,1.870342554339365
2801,0.8804862784377219
2803,1.066535676726376
2804,1.0079753963641298
2828,1.0648586770433508
2845,0.9705360227128028
2850,1.6780437650994762
2866,0.7862317126221079
2871,1.0386771431947432
2872,1.0603312942033776
2873,1.0071464880270067
2890,0.8209151599956583
2909,0.9684029741490784
2911,0.9022986162709281
2912,2.0759665650578465
2916,0.9037931462584423
2933,1.0045802032294033
2937,1.6358267197762315
2939,0.7326207361837558
2954,0.6796325811656966
2977,0.49216169587786224
2978,1.0873824550256432
3000,0.5848038956651213
3001,1.0078631695576383
3002,0.9864495929950888
3004,0.9755537063734107
3019-1,0.46620273096579173
3025,1.0492294885908409
3026,0.8600457458692374
3049-1,1.1253025456547436
3063,0.9097860348471853
3064,0.6933098210369997
3065,1.2012391910488889
3066,1.1091929674806764
3067,1.2747337491736561
3085,0.8224012717005241
3086,0.5365802449110623
3087,0.5361233155558179
3091,1.0289065575745227
3107,1.5551106110253907
3108,0.8586131519854927
3109,1.1669036369150976
3111,1.3732676990043577
3113,0.9680863081700983
3131,1.0656910821426075
3132,1.0149803265365054
3134,1.232908100581809
3136,0.8528733574984255
3152,1.114745886389051
3153,1.903815051529035
3155,0.9967325992356311
3156,2.2616766064718536
3157,0.8862659912134215
3158,1.0161937927779037
3173,1.2284426516062217
3176,1.2161407298370186
3178-1,0.9476255466803418
3179-1,1.0256030466588488
3180,1.6812064918984553
3198,1.296167793214121
3201,0.5882289238108498
3202,0.9584728103795089
3217,1.2883558834199929
3221,1.2700320815445487
3224,1.0340752649174738
3225,1.0893085744354931
3239,0.5244280429950068
3242,1.0640240230270317
3261,0.6867581927170002
3262,1.0487805145321567
3263,0.6996919754351052
3265,2.0991819282625923
3283,1.3517411924565854
3288,1.0448832389550664
3306,1.0689511635694606
3308-1,0.4944683247234132
3311,1.1172288734398772
3327,0.9673575205532554
3334,1.0137574738807262
3351,2.1384794240449208
3356,0.8631163307747335
3371,1.0019984548149514
3373,0.7861006869244862
3374,1.515059920636612
3376,1.015124244870985
3377,0.9859662111319113
3378,1.1970003426905618
3380,0.8071156257892677
3393,0.5578541619125459
3395,1.1736049671104525
3397,1.0280793020476553
3400,1.2965290368812417
3415,1.0692066059119323
3417,1.4544057940323114
3418,0.8395028417327167
3419,1.0760221444260178
3438,0.9760866116984643
3441,0.9553921973561063
3442,1.0432661156626593
3481,1.24572908899426
3482,1.4790243544444326
3483,1.135170062944996
3484,0.7794129272436431
3485,0.8781082941295336
3486,0.8320268157799027
3503,1.278441672802093
3505,1.0383388462136467
3510,0.8689118515598857
3525,0.8171052771901939
3527,1.2696075466942707
3528,0.8814547083610335
3529,0.834426067406281
3531,1.0035684556510314
3532,0.9289593554124401
3547,0.45139218893356153
3548,1.1189137099681836
3549,0.9736890568733145
3550,2.4094319244728446
3552,1.0834705755860061
3553,0.8489636285346244
3555,1.0367003916019937
3569,1.3087098606482026
3572,1.154819172748473
3574,1.2636712737224178
3577,1.0331685617212758
3591,1.093457542393484
3593,0.4816516846529318
3595,1.0336397407029028
3596,1.4239758508481863
3614,1.083089317721468
3615,0.474782237887291
3617,0.8143923639164353
3620,0.8783506562122547
3635,0.5312973429423875
3637,0.47615510251927384
3638,1.4068847169885794
3639,0.9801035943332106
3657,0.8665241253293546
3658,0.6578097045312121
3659,0.6391545167754968
3660,1.2112199229724407
3662,0.7852574600242584
3664,0.9907682591666337
3681,1.0533882418073277
3683,1.3911122889673195
3684-1,1.4721960415944344
3701,1.1241196601100223
3703,1.1405658849719744
3707,1.0879406351813534
3708,0.9428851668576933
3724,0.8955592569126736
3727,1.288987755075369
3728,1.1194519701275751
3729,1.0637601126870853
3745,1.0024673823674288
3746,1.9003146821835766
3750,0.8893907990695945
3767,0.44636634818107906
3768,1.0911208075129113
3769,1.5425202755057454
3772,0.8167723900969744
3774,0.8514763814577672
3789,0.8784686569812512
3792,1.353370213077286
3794,1.0511313599220258
3811,0.6255853990690474
3817,1.045786780638176
3818,1.0978190801996375
3838,1.0102684404942257
3857,3.0830192893332233
3860,1.044706109895041
3862,1.618681068853552
3879,1.8714959684746575
3882,0.9217207601958494
3884,0.7750795198498759
3901,0.9848618211260983
3906,0.9773028057520391
3921,1.2557969352194531
3924,1.1165323747018205
3925,0.5940784764337973
3943,0.6980328166756051
3945,0.7271722002233385
3965,0.6344892246811737
3968,1.4565224304759077
3971,0.9674162603497883
3972,0.9405970152056873
3987,0.9244533733070852
3989,0.887838770220787
3990,0.6359534109638572
3991,0.7166553463998925
3993,0.7061055743631646
3994,1.166081980087685
4009,0.7767222747101047
4010,0.9981300349054809
4011,0.9658127148489382
4033,1.0201745315955348
4036,0.8999121640499486
4037,1.0618379531190896
4053,0.5498955982617478
4054,0.4036343922077279
4056,1.0336973603611432
4059,1.6188124981391085
4060,1.0150802361108777
4076,1.162037207540537
4077,0.9836219914611035
4078,0.9001796380517556
4102,1.7645219370936405
4142,1.466027745255179
4143,1.0204813004688027
4145,0.8848942106695125
4148,1.0051444802766887
4168,1.1299869239559732
4169,1.260550886082522
4186,0.6457795422294493
4187,1.3773010962617247
4190,0.9563781224634508
4191,1.8369163576027674
4208,0.8846151682857494
4210,0.5791051007975864
4211,1.0387365092584226
4215,0.7938396693471689
4229,0.9751963842845922
4230,1.3260983958178552
4231,1.1272807066794222
4232,1.03716767743296
4233,1.0524888994306771
4234,0.37431691503107434
4236,0.9312717443005024
4252,0.47834437361403753
4253,0.8945313313891747
4254,1.217968452918977
4273,0.46076297591488313
4274,0.8570882008506481
4277,0.8105918100697352
4278,0.976495770781204
4279,0.9971789701253457
4280,1.0483993641142717
4295,0.9430983843479545
4298,0.745476334147996
4299,1.0384895474766642
4300,1.3650859786961023
4317,0.8674869938592241
4319,0.7503668997102217
4322-1,1.0064384444909207
4324,1.1249925150260602
4344,2.5356922817729677
4366,0.9862614623058364
4368,1.5596513579407678
4384,1.3517735650148226
4385,1.3762076384489
4387,1.1886239234087026
4388,0.9671590624832221
4405,0.7842613457732719
4407,1.8732846744348843
4410,0.9020710019922434
4428,0.5547167710543387
4430,0.856501095876127
4431,1.0969705644140166
4434,0.9287499022825285
1-2,0.783603579444556
2-1,1.210543027597022
3-1,1.426174924333422
4-1,0.8961240003459577
6,1.2872049723878602
25,0.9272847424532993
49-1,1.2302384912866022
75,1.2530383234688545
77,1.1874020840203434
94-1,0.9794316019288911
97,0.9434502267074836
99-1,1.0382334778742004
115-1,0.6340458547861606
118-1,1.4400142257120703
122,1.0633145192264424
123-1,1.1782724703223724
139-1,1.6044119962213617
142-1,0.8181021339241099
143-1,1.0851230121207878
161,1.2320651500820186
162,0.7526629515422473
163-1,0.4798514083966376
164-1,1.2079812890725894
167,1.0465737850730208
187-1,0.7914693971816552
191,1.2345462787584005
208,1.1584679227663115
209,1.3510093150458233
210-1,1.0649103472620784
212-1,1.226265967320975
213-1,1.2511525885012864
216,3.429786098963225
232,0.6920595431774624
234,0.9471584154963324
235-1,0.8692838727561171
238,1.036495086008617
255-1,1.42377324859875
257-1,1.121318770074745
258,0.8497405719630933
260,1.0099270144883286
261,1.0527263873619672
281-1,1.0035779477337994
285,1.0042006095252294
300-1,1.386005673705294
301,1.226890502943909
305,0.8428113388147582
324,0.6406550007341223
347-1,0.9610705207227201
349-1,1.3311053234732777
353,1.161927702461264
367,1.1756586588868783
374,1.100237647084472
375,0.8294165507676869
376,1.0544676599044303
390,0.8718808514383758
398,1.1747684487320351
399,1.0461573814562244
412,0.8333463687119808
414-1,1.0676303468578192
416,1.0571966437047469
419-1,1.1355726352666573
435,0.7589853667985889
436,1.27346495832062
437-1,0.9258626112147053
438-1,1.273718147528294
440-1,1.3996646759384723
441-1,1.1262427614587198
442-1,0.5731647787156967
458,1.2409125933654996
464,1.029488364407368
478,1.4643471187578516
480,1.0689906143985826
482,1.1675755379435089
483,0.798617022270862
502,1.1418455277424684
504,0.9748434586751119
522,1.0503197420842512
523,0.9782494218922945
525,0.9603055963529539
527,1.0553277295080747
545,1.0047955971492946
550,1.1876722125158765
566,0.7248339062392066
570,1.171610821306401
572,0.6071301050983984
588,0.5371268618391914
592,1.094139519131612
595,0.9819507195365671
610,1.1391185054334982
613,0.8377324203079726
614,0.971050373952737
617,1.0526370829944174
632,0.9234007681159973
634,0.9117313268660835
635-1,0.9861393139334697
637-1,2.923781347666321
639-1,1.1674199646238437
640,1.04234188251371
655,0.955531037296691
658,0.9011209067632641
676,1.0730553829387992
679,1.034741276030497
684,0.8183996688768851
698,2.5391230663911304
701,1.1513208104316037
702,1.0414185915733276
703,1.4453791456411762
704,1.0789168008218701
705,1.1856857853596043
706,1.0867804052984595
721,1.620305562022131
722,1.382305459204122
723,1.07376681005671
724,0.4385466423248881
728,0.36673029998401785
742,0.6791137967879832
743-1,1.2154247532277513
744,1.1669181063566598
746,1.020735282555638
747,1.0401868077549217
749,0.9969673077632581
766,1.0170743578331096
767,1.0962810025801146
768,0.8974156640181916
786,0.9870811420690925
787-1,1.1335447259088394
788-1,0.6118139234932928
790,0.8766517339246598
792,1.3137271355812032
793,0.914415296498455
811,2.6027819465559436
830,0.9886452639912193
832-1,1.2309710636649431
834-1,1.0960883023273367
836,1.0457920484856833
851,0.8945802781377368
854-1,0.5376018906614121
857,1.1427635033127617
858-1,1.0870105889170727
874,1.0496241540611506
876-1,0.9794276570872305
877,1.0521839751272957
878,1.3867133353417993
900,1.0200928031531629
918,1.4225751021978799
920,0.9236402568329843
922,1.0071477027203375
940,1.0932690623985912
941,1.3411233780825522
942,1.292758811602002
944,0.8275491314395376
947,0.9149996597476084
968,1.005561462570661
985,1.1214503850518176
989,1.063461831892221
991-1,1.125097668359253
1005,1.6202432080792581
1006,0.8049654796084501
1009,1.0999852657995803
1011,1.8952597319853712
1028,1.0065883299343072
1029,1.0319824492638328
1030-1,1.3850243046720183
1032,1.023391621077141
1035-1,0.8927529479362343
1049,0.5664502409434635
1050,1.4380833206237997
1051-1,1.0208712505102344
1052,0.7043229353354274
1053,0.5605390885992353
1058,0.9084981258770722
1074,0.671392411449598
1077,1.1448675650864346
1080,0.9708289695612953
1095,1.1226030612071038
1099,1.0196940956057263
1101,1.1895840947631648
1117,0.6832908674344583
1119,0.6880456482758364
1122,1.0399928188637475
1138,0.9399802945787774
1141,1.2697344751937618
1142,1.056582947052366
1144,1.05615704677702
1159,1.0911758062148715
1160,0.35266597794702753
1165,1.0885238918247433
1167,1.0709943411601166
1184,1.2915215154140196
1185,0.9504741210136559
1189,1.0221476677234635
1204,1.271722699097302
1205,0.9781869696536173
1212,1.1609217959693956
1226,0.8005811721067327
1227,1.078640282369803
1229,0.68348519740403
1230,1.162225501031843
1234,0.6318316712970766
1247,1.0840735430948958
1248,0.9909414876158876
1253,1.0085749671993975
1256,1.0763696597391232
1272-1,1.8432094237281436
1273,0.8320850603464354
1275,1.2720431079229362
1276,0.7315193784180238
1292,1.2055337372650698
1293,0.919670466791861
1295,0.9773550971368514
1296,0.7229725985411443
1299,1.052930654092597
1313,0.590750944790999
1314,1.085996445169151
1315-1,1.5170201116800854
1316,1.1745808020830784
1318,1.1100798623333346
1322,1.02011173285085
1336,1.5559641796023016
1338,1.1253511464171422
1341,0.6060481822294018
1357,0.5761025004406183
1360,1.048745017906631
1361,0.8746065307511682
1362,0.9310594490676262
1363,2.385091017464505
1380,1.542326161698158
1381,1.1654799416339614
1382,1.0887712040095758
1384,0.955478561451995
1387,0.997796460267235
1401-1,0.653635728938462
1408,0.3800844375389012
1424,1.427314458252763
1425,1.0077929127365715
1427,1.7181895698704048
1429,0.9615162544254561
1445,1.2124546349572591
1446,0.7790303872879822
1448,1.3258681820128584
1449,1.0103720852764322
1451,1.1791835050049093
1468,0.9533059481536182
1472,1.1489922582539014
1473,0.9212509439435549
1475,1.0449993567968814
1494,0.684070584193586
1495,0.7987695615656971
1511,0.7408617045932645
1513,1.247928656684535
1514,0.8986477852274539
1519,0.9461254321443637
1533,0.7003804491180432
1535,1.0107587606635742
1537,1.1729432606038201
1538,1.1233357041247267
1539,0.9288912508369149
1540,1.191801310715115
1556,0.8586814085524695
1557,1.093471410714851
1559,1.3254719617195474
1564,1.0402714737448608
1579,0.6242858466976128
1581,0.899340773247795
1582,1.3337555287690956
1584,1.0566593822344763
1585,1.236400507988603
1604,1.339628430595536
1628,0.7470298414697969
1630,1.0082517913114328
1643,0.9770773941957395
1644,0.9947116348481579
1646,0.8820473119591324
1647,1.323975016036533
1650,0.9845449353582226
1666-1,0.995212008119491
1667,1.5016049752283889
1672,0.7750312727733847
1693,0.7432930164395719
1694,1.0122822588135258
1695,0.927601009924893
1709-1,2.212431789898893
1710,1.299850519577176
1712,1.088807420383036
1717,1.030788190319286
1731,0.672634198673482
1732-1,0.9870717435161314
1735,1.0492985115355957
1736,1.2262658043618766
1756,1.5216274916971668
1775,0.7668567101578512
1777,1.321832474717093
1780,0.9739589987059443
1801,0.9929122425622858
1819,1.6441474299190157
1821,1.2477168159057768
1822,0.9260430791066605
1823,0.9906421873332688
1826,1.0089941591575151
1843,1.3675633522721644
1844,0.7070439161111703
1868,0.8349883819191144
1870,0.9660116076723834
1887,0.9967986181166479
1889,0.3442311629707744
1890,0.9805643537367663
1892,0.9213822274779577
1908,1.1605392646038304
1911,1.4324633134913216
1916,0.9984446262829642
1931,1.1987976583560411
1933,0.4778491700046686
1935,0.8998662802236124
1936,1.1140726219276216
1953,0.9986108200726165
1954,1.0424240713880428
1955,0.9806453110687371
1973,0.9062656409993467
1974,0.9291034884937309
1975,1.0117016962144063
1976,1.108353312724657
1995,1.3773232947784164
1997,0.5743963997766532
1998,1.1264886939277665
1999,0.9084414163031956
2000,0.9504080099006386
2004,1.1083610811997786
2017,1.0729095089530807
2019,1.1867707759992319
2020,1.3752517740462349
2039,0.49440630864675505
2040,0.477869166666515
2041,1.0271686546457373
2044,0.9888843189440601
2045,1.2411120907534783
2061,1.0375664987743538
2062,1.177936221773233
2063,1.0954961958312355
2064,0.9762356678691536
2066,0.997793307715036
2084,0.8463843682110787
2090,0.8013905976658421
2107,1.1129054311670745
2108,0.9753432588381121
2109,0.7766098810537547
2112,1.2284594245604576
2113,1.0225346960111616
2131,0.6451093017383903
2134,0.9256730586335484
2135,1.0953998420524693
2152,0.9615640481224087
2153,0.7552539919450159
2154,0.9966394384919978
2172,0.9780573613209658
2173,0.7901042932689514
2175,0.9890123274955198
2177,0.9584389515141211
2194,0.9222555515595542
2201,0.9661909188315613
2202,1.0445981037383523
2216,1.5896766735527668
2219,0.9766064345123635
2222,0.63325085386195
2239,1.1814024564187395
2245,0.9707198995445515
2246,1.1105943599537642
2261,1.2003353183352667
2262,0.5034851611784957
2263,1.1384394416793415
2265,0.9558005891718259
2281,0.3533318704155615
2282,0.49888154319739303
2283,2.476963689999011
2284,1.0943761144398663
2287,0.5993093527463647
2305,1.4158250894757427
2308,0.9664687257436955
2310,1.075389113367069
2311,0.8178766986383297
2326,0.4094016411393299
2327,0.8907944831040716
2328,1.1063212895162047
2329,1.0202298777928278
2347,1.1351843773854828
2349,1.1109418060043212
2350,1.2064095081832378
2354,1.3158578097634297
2355,1.1087661426346118
2370,1.8366286079663108
2372,1.1710945459108013
2373,1.0968997905488032
2376,1.0794690510273874
2377,0.9232550119303327
2392,1.9009885857358253
2395,1.0861263986210883
2398,0.9941573618051106
2414,1.1979026248427005
2418,1.1941202405063762
2435,0.8989094440871843
2437,0.7232290403499727
2442,1.6639031396800181
2460,1.1036669396053633
2464,0.9764428549230707
2465,1.01611806537619
2481,1.3606272757695295
2487,0.9104453449348594
2488,1.030519465641567
2501,1.1203083274745014
2502,0.8863654140439134
2503,0.9908846871380085
2505,1.0919708173792486
2524,1.3649538244740493
2525,1.01842483181969
2527,1.007887056597418
2530,0.8426998973704499
2531,1.090907212161175
2546,2.0726655447474784
2548,1.0666971591235779
2549,0.8075071696611932
2551,0.9873032801521625
2552,0.6074980947802702
2567,1.3432278626564529
2568,0.9968053893015812
2571,1.0767163077040236
2574,1.087827214848569
2590,1.8781690033477694
2592,1.74112266193478
2594,1.2875287258320747
2596,1.007623612686937
2597,1.157786143265441
2613,1.9191440165349525
2615,1.0207975339817688
2633,1.4100671761612344
2634,0.6434603858938894
2635,1.0315401518013274
2638,0.9971068544110753
2640,0.8159980301766204
2641,1.2796526362900567
2656,0.7733672095570676
2659,0.951479011927986
2660,0.5694562204204995
2662,1.1175874868554323
2678,1.1808736674610611
2681,1.2846121841854197
2683,0.9806005440100928
2699,0.7766922651974187
2700,1.2859953853296673
2702,0.8877176308365778
2703,0.9153606125712942
2707,1.205465952751781
2721,1.9344629831823317
2722,0.4512888470480209
2723,1.0675317563020996
2726,1.1986555509876962
2728,1.0008403994139625
2730,0.48129568630229885
2743,1.6785756121467588
2744,1.0838010286989217
2745,0.7180184277047588
2747,1.0924732787041358
2749,1.062663473195086
2768,1.125238768199434
2771,1.155066376774886
2773,1.2782010186415165
2790,0.9044957914412188
2794,0.8499579559541102
2809,1.3289387147223963
2810,1.0195508553935826
2814,1.0147739891892462
2816,0.9616111368467012
2817,1.2139096815461432
2831,1.6613232075149142
2833,1.106033878738913
2837,1.2189033716826991
2838,1.7235789390599148
2840,1.0074744993608984
2855,0.9810478610340206
2856,1.3976240462463394
2859,1.4334518765487194
2860,0.9844595026237954
2861,0.7986480530155247
2862,0.9372778295549092
2898,1.1936327731325052
2901,1.2900536699755372
2902,1.0354426594102748
2903,1.0953631835815751
2921,1.3571455073135255
2922-1,0.8579563197456869
2926-1,1.1945401811074006
2941,0.350860510110887
2942,1.7250950197292054
2949,0.8693236231254264
2964,0.8905288189847154
2966,0.6978722170014608
2969,1.467752605392472
2970,1.2168542465320111
2971,1.7285870198475173
2985,0.8484977110425
2987,1.07983565234383
2991,0.9829807221652135
3007,0.9191459349825425
3009,1.1822802842249291
3012,1.1577064779962303
3013,1.624515495663771
3029,1.1164632324087724
3032,1.0631717275186678
3033,1.0407220613480943
3052,1.0484682862085979
3054,1.25702338586361
3057,1.5730979648646386
3060,1.0761601834004462
3073,1.3919443588244516
3075,1.061987431415441
3076,0.7486838253055005
3077,1.092623359227013
3095,1.320916506678255
3098,1.402917509159868
3101,1.9630438838668305
3118,0.7735499469154686
3119,0.9413097706388042
3120,1.0224877166879294
3140,0.8175469867904835
3141,2.0426583703422145
3144,1.0655161360969183
3145-1,0.7647883428334313
3146,1.175312750757011
3162,1.2659518948900994
3163,1.012550707099953
3164,0.9245182661423309
3166,0.8034456258654483
3169,0.7718604659599153
3186,0.6696802553653202
3187,0.8613119144715713
3188,1.036494730751129
3206-1,1.0118446919420103
3209,1.968760553513808
3227,0.9549031806709074
3228,1.988732415634829
3230,1.151045597977801
3233,0.9548143622769627
3250,1.1258952449754087
3251,0.6152576050412246
3252,1.088643024286404
3272,0.5572098270004276
3273,0.8757552827502824
3276,1.1931586174562723
3294,0.7405290697639813
3296,1.0004447554878015
3297,1.0233104959891755
3298,1.027025206781942
3316,0.996900467778267
3318,1.2173548611532488
3321,1.1803436938374567
3322,1.0874135078872156
3337,0.6596175038117394
3339,0.8626734796954966
3344,0.955173151769768
3360,0.8867996037994169
3382,0.5548054219418589
3383,0.29951266751303984
3387,1.0592053139590956
3388,1.1366682870740878
3406,1.0864894431450036
3408,1.1151507716103164
3411,1.137126737292548
3427,1.0172515746620763
3428,0.9944415302558706
3430,1.0767845236423061
3431,1.0561664263746724
3432,0.8852336517437478
3433,1.047972544948175
3450,1.1178408371333048
3451,1.1482823992609652
3452,0.832521411328914
3454,1.2573401739931491
3471,1.114560144455889
3472,0.8243247991921719
3473,1.0161909439944885
3475,1.0258821168214942
3492,0.9648647879158098
3493,1.9608240828748806
3494,0.9074727478576212
3495,0.9074313467841504
3496,1.0235383489448076
3497,1.000906918714645
3515,1.658585915883466
3516,2.0528555467306244
3518,0.5102270176821088
3520,1.0749964038115616
3535,1.2456582962604492
3536,1.0417946289306377
3539,1.0357805295081393
3542,1.1314381912570879
3558,0.7093664685702343
3562,1.4664315726191106
3565,1.0238293748045186
3582,1.070011340757111
3584,1.4845353277573867
3587,0.9988358217138731
3601,1.1504808374208457
3603,1.4074975523936681
3606,1.0808205631536703
3607,1.092473612055989
3609,1.0898534230036538
3623,0.9382459608881375
3624,1.3835382649738148
3627,1.096760564143571
3628,0.9273578337091816
3645,1.2005936396779973
3652,0.9928153847347431
3669,1.706779263626542
3671,1.0361790229906132
3673-1,0.9961539134558591
3690,0.8328622096691051
3692,0.9033492967533253
3694,0.4389393426618673
3716,1.2761569475117378
3733,0.9758855664453436
3734,0.9134052616748048
3735,1.6345645980190529
3736,0.9959972633048471
3739,1.5762614730833808
3740,1.0733732835938556
3741,1.1995701368922653
3756,0.9417677054257395
3757,0.8321204103436185
3759,1.0406157095565758
3761,1.101621954774619
3762,1.1084663957134906
3778,1.242288691381851
3779,1.1573852261443094
3780,0.6916787980628429
3784,0.7879243493204159
3799,1.276971561913971
3803,0.9027544764099631
3804,1.0039275991115375
3805,0.6967739142146198
3821,0.5283220016608178
3822,0.6755793562771177
3826,1.0453234562651683
3827,0.6665434929274492
3843,0.6627450363911837
3848,0.9576914939181449
3849,0.814486240947503
3850,1.060180275979201
3865,1.3247848388645145
3866,1.512216413442245
3867,1.0093998855829986
3888,0.8665748557352074
3889,1.0105942328122475
3892,0.9813038070646308
3910,1.0404172640098894
3911,1.2727581196006392
3912,1.8832795587361237
3913,0.7613691979329642
3915,1.2458729645210942
3916,0.9765419156742519
3932,1.2459558998043851
3953,0.9770158610345384
3955,1.1466513510266532
3956,1.0165714924476574
3957,1.0912954688645207
3959,1.1057618530751916
3961,1.006775802659164
3975,0.8927621034397942
3976,1.0137531094272916
3977,0.9565999010742885
3979,0.9888357071488172
3982,1.0377746127636605
3997,1.1059306167130394
3998,0.8084806619004674
4000,0.9446058306477215
4003,1.006473361437049
4019,1.007456883382663
4020,0.6109027984611652
4022,1.1478825842023495
4041,0.6877620336910008
4043,0.7177733785557641
4045,1.0070297936960824
4049,0.8197856418227288
4066-1,1.3335886302285445
4068-2,0.8957459846600226
4071,1.1395111339587707
4085,1.8958236741126928
4088,1.048620374829314
4089,0.8331509909541162
4091,1.0889413236863308
4092,1.0198217308245898
4110,1.0449047727963654
4111,1.1015047249578684
4114,1.4289630487552905
4130,1.1929075806951202
4131,1.1216935135796993
4132,1.2147526714137007
4135,0.6162426742854873
4136,1.0083641828422052
4151,0.9830752721691207
4153,1.4169019919293
4156,0.7778039465278082
4157,1.0104798487986382
4158,0.9870646016674939
4176,0.95686952145126
4178,0.8028712483950853
4198,1.2463317595457202
4203,1.2237506580026845
4218,1.1398240321518396
4219,0.6405781208710856
4221,1.1487563386914028
4222,1.0478375554308257
4224,1.0316236048969354
4240,1.450732768537619
4241,1.3708213435546939
4243,1.0631320108419868
4261,1.2480992665223
4265,0.6083907450133386
4266,0.7677616924751336
4268,1.037377516111974
4283,1.0362416463569042
4288,0.5904935839954079
4305,0.5474540203577369
4306,0.9512162099644984
4307,0.979754080779159
4310,1.3445203481329349
4312,0.9023310127797439
4327,1.7161639937986124
4328,0.7369217654505531
4329,1.4954538915767166
4331,0.9650624049935571
4350,0.7990828766492393
4351,0.954957082085178
4352,1.086500653589989
4353,1.073305963106288
4354-1,0.9285582468484603
4357,1.0736537989774502
4371-1,1.1076915797943911
4374,0.9979998685600459
4375,1.2870722792502292
4376,0.8034256557634725
4377,1.7504200872846303
4379,1.0676663559199149
4394,1.0355013102163275
4395,0.433781208271786
4396,0.6948065970404308
4399,1.0978679250309558
4400,1.0531787013340157
