id	g0	g1	g2	g3
4	0.8487036108751856	0.747478091372272	0.6543864264728468	0.5700784325548001
116	0.7766101634000565	0.8649563202512399	0.9518551724274046	1.0363089204543052
119	1.0350869767713613	0.9284910517575319	0.8272506507577889	0.732900608272148
230	0.4730252134281421	0.5348434705855604	0.5978113419989172	0.6613368299516028
233	0.9438845175962187	1.0379349963445856	1.128513767125937	1.2147055254758765
461	0.7497552949982389	0.7747601579699388	0.7929916688186163	0.8048465380601134
462	1.5110231778507401	1.5105805124128437	1.496298544352498	1.4703035855209714
929	1.0937950183208662	0.7296972377817982	0.490288659297039	0.33200223059120326
1383	1.1078994141924683	1.0473965042309554	0.9826259677126007	0.9158990046238308
1612	0.5658470626599112	0.511015569261069	0.458648187436871	0.40951308422050464
1728	0.7784444317220521	0.8018306144508046	0.8176494399468501	0.8264535438943185
1732	1.4052271237060763	1.095391974032378	0.8531869042699389	0.6646969111363208
1841	1.6112785969002026	1.7625807243414358	1.9066788890027682	2.04214237472387
2533	1.4333019365282982	1.628989715818491	1.82953767197738	2.0330744806667997
2763	1.3876692880925243	1.2714747266887019	1.1578892262894755	1.0492159617456347
2994	1.1648709967019015	1.2652299212561728	1.3594921351610751	1.4469047459951878
2995	0.9242783992287291	1.0006557908921845	1.0713814414834715	1.1358612157783856
3458	1.0947942287076555	1.172609880101089	1.2422338827347938	1.3032527235074336
4371	0.9882552563852404	1.0109197799588494	1.0239883641444592	1.0283017630299058
4607	1.018796109142317	1.1804388800377128	1.3488784775005316	1.5222706233043006
4953	1.0327112149208395	0.8973960142610926	0.7756365113878635	0.6675507400436436
5407	1.0384222061980584	0.9160269538428363	0.8025814270605602	0.6992215085356396
5529	1.0867679893024507	0.842464208714842	0.6541063943838265	0.5090676830572478
5639	1.0961916567883696	1.0362298813236894	0.9718095304310788	0.9052662944024711
5751	0.7677318704326259	0.782573584223923	0.7902395791224207	0.7914105471814251
5869	1.3859208464359771	1.4087264493249303	1.4189323177847928	1.417906275896945
5871	0.5241710203909612	0.5204849482450128	0.5131761174783298	0.5029490671005409
5985	1.06230196972967	1.0271594290808708	0.9855843921345404	0.9395806904086326
6561	1.1154630431783834	0.9903698959618331	0.8739633418761544	0.7674022331754939
6562	0.9441882489458939	0.9340300194724115	0.9160781499500469	0.8918247353420586
6788	1.0090256412410927	1.0857420165900138	1.1551391395807524	1.2167228936148007
7023	0.8151731154381446	0.9047347734798704	0.9926922546704414	1.0780974435624076
7363	1.38848470160452	1.5196903608485501	1.645751033120586	1.7655746544654825
7478	1.3906225310676983	1.434645837972085	1.46635225592078	1.4865823571871801
7481	1.492436694030267	1.1416094120596814	0.8722051519760354	0.6665362751827112
7596	0.9891687876420797	0.9165732755381651	0.8431676585180846	0.7709027600062406
8051	1.1011816131674286	1.1784208657988078	1.2478446759663453	1.3090903538390999
8058	0.8915808317408246	0.8431764820026656	0.7915338336900537	0.7384887147138001
8283	0.8638374389552276	0.8749119484467073	0.8777010948013713	0.8731637655830599
8286	1.3600111596167628	1.074957899313065	0.8482897594220647	0.669080202679544
8397	0.8760213052102603	0.9723275932460491	1.066950161342045	1.1589178683724444
8861	1.0345185410544857	0.9136140796179754	0.8015938465008868	0.6995659245656172
8978	1.087075595673298	0.8865920989576317	0.7217016635881705	0.586888952961792
9201	0.8318313691973926	0.9117432405399076	0.9876058873429847	1.0585759833398203
9316	1.1402772002266053	1.2726298626401455	1.4040515197488594	1.5331106295695942
9889	1.084702525619789	0.9617560420771941	0.8493174145711342	0.7478314077839653
10572	1.1249928175151849	0.9712530829411136	0.833483181768182	0.7116985175616297
10796	1.0508993100095065	0.9974782906026436	0.9397617933670736	0.8797531061355395
10803	1.1176846167119172	0.7824216128074881	0.5542431428222185	0.39800947644628976
11481	1.0095033661780368	1.1142607285169714	1.2163617733892789	1.3148084721011715
11708	0.7203491999743482	0.7375696466872628	0.748180721844849	0.752764913710866
11712	0.43153606871440076	0.47143294433341143	0.5093253027599818	0.5448666315417097
11714	1.2760347518657615	1.1436657098123386	1.018855718746572	0.9032495734504706
11828	1.1515773920805958	1.0875774972842662	1.0196733796600943	0.9501680456709561
11830	1.0416663545302136	0.8392247648415395	0.6744846465778231	0.5412656328316271
12049	0.44852009716163693	0.5189714453588563	0.5930980846538787	0.6703186144945639
12278	1.0160924977265215	1.082786297787572	1.1416872356466083	1.1925635908642604
12505	0.9495509629978404	1.033419198512325	1.1122280268497127	1.1852394795797816
12509	1.039947438081801	1.1436257816731055	1.243633093844221	1.338974720132207
12510	1.9110061413398283	1.4915517893712533	1.160802462184361	0.9017031914996021
12620	1.0467485165350172	1.0632039257792838	1.0699148313325249	1.0679852940614398
12621	1.1141940548936051	1.149989381636386	1.1755482205884427	1.1915922514498132
12734	0.6585929916207903	0.6317114148827062	0.6016579156525909	0.5697063175681722
12961	0.9899953939943985	1.1012038034516987	1.2108788222880398	1.31784862850936
13077	0.8960038444385207	0.9066265592926686	0.9088159118613901	0.9035918261109784
13085	1.1099256158816688	1.1081286018375556	1.0960441504399792	1.0753621923586851
13417	0.5227807444893947	0.5504563232469963	0.5737653858883179	0.5927308849350028
13426	1.016928772231329	0.9634663411513673	0.9054109487408238	0.8449674283258888
14216	0.9531105339049183	1.0911930276053277	1.2342399550520529	1.3809469696855585
14336	0.9702602410392268	1.0066598855974924	1.0334311212973653	1.0510741205396255
14900	1.1138633404288367	1.2567309113444776	1.4009221336687963	1.5449257829527756
15014	0.7478941733553718	0.8283255343255426	0.9070104771966025	0.9831196527019217
15362	1.0280338227595005	0.8700222793837016	0.7336678886292481	0.6171537181004844
15587	0.9792883198849067	0.7858044588542342	0.6278907848103238	0.5001064530175927
15590	1.1789739009216111	1.1627382726746962	1.1383284131207603	1.107500915493506
15705	1.0965833307551989	1.087802527207187	1.0693984455768364	1.0431475636602996
15706	1.0643098170299998	1.2067960358601615	1.3495523518502717	1.4904849485469007
15707	0.940650512215538	1.086792943236392	1.2393248865977893	1.3968434899359472
16384	2.500309346602076	2.4438877251458795	2.36952151194962	2.2815471392925977
16725	1.3134128630392727	1.3606329390328504	1.3962026028495955	1.4207596989719558
16953	1.1321873814779075	1.1175141471587695	1.093857966640483	1.0630857210153943
17182	0.9779031477486119	0.8639226065234603	0.7588840899444365	0.6635442501497015
17980	0.6542719087284845	0.5497645578481632	0.4601598131774407	0.3840775059652741
18664	1.0148844500740135	0.8586923115258427	0.7244978587984631	0.6102775270496792
18779	0.9081324614929293	0.7860230336343107	0.6768154157178424	0.5803478433291414
18897	1.0277988418530253	1.0368048765243365	1.036364325349871	1.0277363219247375
19003	1.1090250994585122	1.3152899921932941	1.5394318750288754	1.780414914169615
19005	0.8472414818709675	0.9176205478315252	0.9832155743178754	1.043491622109205
19009	0.741702530700845	0.6490376826089168	0.5642681767740119	0.487920058421655
19010	0.6125840318916876	0.5624902697552274	0.5133819620552227	0.46623906676304155
19231	1.0831971226451846	1.1431390111155244	1.193453014718392	1.234155658164087
19234	2.12989813687789	1.94816871992783	1.7702576115447888	1.599792298835557
19236	1.0433031434046809	1.2391808453003865	1.4517759153526981	1.6799664583337985
19349	1.1487235029888547	1.19164848253861	1.2242162987190697	1.2470089982225319
19351	0.8836298796831045	0.9176052811841029	0.9428389042381647	0.9598070544798017
19461	1.1676088537512757	1.1692557498818266	1.1598959897536232	1.1411691137355424
19695	0.9350107054772764	1.0731045948848332	1.215353282738243	1.360219081526309
19801	0.6933866869011087	0.7619528528782102	0.8279203066439912	0.8906085481789577
20151	0.7610959715528968	0.5841655990435797	0.447629761532742	0.3427475718030204
20379	1.1438612620013482	0.9862954467480923	0.8464380175531814	0.7237725841794886
20489	1.1137801683086836	1.1832279840144493	1.2447905295848365	1.2982954216753149
20717	1.0946248691360942	1.149436262645315	1.1954868438948043	1.233034368239322
20827	1.3821595212783278	1.548733821029319	1.715026172973048	1.8792520289065324
20832	1.4091292879664792	1.0791180652100791	0.8276909479571647	0.6364380441304579
20833	1.1292580010559128	1.1649895380724242	1.1894524906173007	1.2034315034450063
21972	1.1362260703516651	0.9721713037838214	0.8292439139469334	0.7058482268097964
21973	1.163433882311646	1.15037357347552	1.1278829835141149	1.0978216469623985
22540	1.8161864776790038	1.4899369098239026	1.218885067328342	0.9953782681127875
642	1.1778813542701996	0.7549780090309964	0.4849900368881129	0.31249610364179836
1030	1.0791152170248122	0.975538042004574	0.8769546130197636	0.7848777766064617
1666	1.1967214411970968	1.2643601976005348	1.3211844439280285	1.3671878807449587
1668	1.1123865742997736	1.0351850496948105	0.9569788333610468	0.8798582463627855
1671	1.1022175049530394	1.0044481525202584	0.9093042025882025	0.818684615713603
2053	0.9633618829831667	0.971761842788374	0.9712051593967301	0.9628935318398765
2307	1.236858836580572	0.9848097686589506	0.7812245699707122	0.6180609057309082
3206	1.1097927950686477	1.0288163172570757	0.9481537531701757	0.869584171804919
3331	1.0789409578429254	1.1434136516939835	1.1991932639449416	1.2463028311990463
3461	1.9970933188618287	1.286825100721469	0.8336081904084404	0.5435300685807135
4354	0.5888455914902295	0.565855788761802	0.5397868938599685	0.5117121202584999
4996	0.951150088396949	0.7987861159416283	0.6695516674072489	0.560622818377486
5508	1.1490853761484774	1.0208691837831425	0.9035845842742144	0.7974907773503545
6407	0.7449946935270928	0.5728443473464191	0.4400043497172722	0.3379566417376504
7046	1.3539833593276416	1.4163743657566805	1.4655596271747144	1.5019153138172656
7556	1.2212337869387495	1.3897833477340924	1.5623071059807223	1.7370462098790072
7557	0.9977388289804652	1.05477206060458	1.1032239596673503	1.1430848434630179
7558	0.8858975494579262	0.7549305534559551	0.6402435458368247	0.5410109123706554
7812	1.1171825356350558	0.9825216249218592	0.8595929455730302	0.7489436644158387
8323	0.5121902119324956	0.549334319761092	0.5828182996933178	0.6124401802146977
8705	0.8766755946202884	0.9610354959931499	1.0419350343775584	1.1186279829577224
8967	1.057738133497497	1.1457202028218936	1.2269522518250835	1.3007727442673356
9217	0.5582027908077133	0.5185736059509943	0.47795018493351726	0.4375450001227014
9477	1.0415773137758453	1.049629622361024	1.0476105607349573	1.0368991399715644
9986	0.4878765751451303	0.49272522412921327	0.49318610015460534	0.4898240214787943
9989	1.0425594885859335	0.8930793825800593	0.7620818003522278	0.6484641785454962
10117	1.0467378514022718	0.8200260184830326	0.644065365085821	0.5074351989886172
10248	0.9084539002578745	0.7952040517538661	0.6925966370870145	0.6008426822630982
10499	0.5600888129191848	0.599317950425509	0.634594481902359	0.6657176942208832
10625	1.5600835661283445	1.5204107182449043	1.4696643979941455	1.4106992878310003
10628	1.1130614986296135	0.9629050534589612	0.8286356200050409	0.7101135216762962
11265	1.0007195844273675	1.0080205925102443	1.007900444682526	1.0014186116271206
11649	0.5263147207654005	0.5903078306287036	0.654620455283529	0.7185698596860584
11781	0.41948675694239285	0.39173924643539015	0.3638918086250693	0.33659894289794023
11907	0.7389726840296064	0.6895006940708863	0.6388078062371544	0.5883757178148656
12034	1.1562358370128127	1.218871430512022	1.2716143662508685	1.3145056682808363
12418	1.07140675073448	0.8042684149668083	0.604022754638988	0.4541820328987876
12930	1.1382333504466993	0.9991799035911803	0.8730050754622715	0.7600546998057005
13309	1.4171664057784543	1.3332527791163034	1.2443087689744523	1.153471768638413
13818	1.6098507911226139	1.3804100163905422	1.1782909119670781	1.0023756255296121
14578	0.9778695031630653	0.9728152787044972	0.958541099499454	0.9366043000715129
14703	0.9625722654039124	0.9834334264161483	0.9950185728656569	0.9981826996736249
14833	1.1791956726091344	1.2669189951203517	1.3456379549867583	1.4148056656479362
15592	1.1124129341999118	1.3155083167454127	1.5356019863080423	1.771657069662578
15593	1.3247283003789163	1.3315852389460803	1.3266233201105078	1.3115342389136875
15975	1.0976372844211653	1.0063128913701398	0.9166729012952168	0.8306110197493273
16103	0.9755120134635965	1.1529865918406155	1.345142434990393	1.5510739106710687
16232	1.0178199944940514	1.063837131776739	1.1015458619237042	1.1311059596731359
16735	1.1226884368202048	1.2507416200165726	1.377107525600038	1.500400815863221
16865	0.3846810743879828	0.4058869839471393	0.42403341520844035	0.4391409389561816
16991	2.032319475213014	2.2633143068201296	2.4911950807446197	2.713519173202285
17116	0.5924034188427608	0.6672306062288471	0.7430305042375499	0.8190770022134152
17880	1.1499415303591611	1.1904637708634804	1.2196186310504828	1.238099536742443
18392	0.9804649209530761	0.9695423197313388	0.950040654786822	0.9236135140891458
19659	0.9681776876049436	0.9672020573500455	0.9570184525645058	0.9390756867382614
19661	1.0611723530072634	1.133075023828912	1.1966044709655776	1.2514260839423683
20169	0.9951788893305773	0.8154054277606102	0.6675220503599242	0.5465576997786383
20420	1.5079805995319113	1.3862586867056417	1.2679322773164048	1.1550718620265923
20548	1.4994927681284542	1.3182128040977705	1.1520518294345259	1.0020590815934625
20805	1.1680251930365386	1.2339381235661462	1.2898166329297587	1.3356990348244369
21182	1.1011779250900702	1.2033015680257415	1.2999584683216199	1.3901775715120401
21310	1.2159640691596454	0.9975064446493186	0.8159790405010503	0.666129881531103
22201	0.9972926845440665	1.0583443466881974	1.1102486125735493	1.1528843103596285
22707	0.8725737202587822	0.6247967575325883	0.4507326823902873	0.3276219924360285
23085	1.5590504376493008	1.5902640528765697	1.605704576722946	1.6068977956487687
23339	0.44167932909166074	0.49961520642678997	0.5584782002760317	0.6176824615029631
23342	1.3917133817716716	0.8541602927189169	0.5303341918813723	0.3334329548856079
23595	1.0308734916234685	1.0964077203960076	1.1540222437655443	1.2035543783848555
24229	0.9760311393961504	0.9969125306780561	1.0082984917737292	1.0111303955881634
24357	1.1928342542535555	1.105881263434472	1.0181918982485778	0.932003123445285
24863	0.8541148601033391	0.7467020790902961	0.6486782221171081	0.5605859613528242
1	0.9406537839639496	0.9686969469743197	0.9924330229238165	1.0121464762512922
2	1.0748453816179389	1.0827253974765039	1.0858188944669511	1.0847544552214397
4-1	0.8722674244397043	0.8478481687827742	0.8211340978500031	0.7928499834926759
127	1.3290452430162507	1.4527629540208844	1.57720201160846	1.701781932728253
254	1.2310154499756647	1.3707600005743343	1.5154662625415696	1.6645719860475818
257	1.204585208963349	1.1847900220536756	1.1606907570179197	1.1332168015179445
382	1.129433330435128	1.196522889215186	1.2602009494823403	1.32035759610533
383	0.962243905633122	0.9636162914795647	0.9611576088124322	0.9554635221434975
384	2.092353302230652	1.98891221461308	1.884545701470552	1.7808991413144895
385	1.302263759236126	1.312101201763303	1.3160069954771818	1.314734638266933
509	1.2076626541557005	1.2678920370849827	1.323824476001572	1.3755121363475624
511	1.0624589062893006	1.0634795175357126	1.060016949509635	1.0527567686283261
516	1.0117395764911312	0.9501930413873165	0.8903468263481291	0.8328090745861101
635	0.6058629551206561	0.6810762069407886	0.7601651154966657	0.842946283731483
636	0.4633021564487025	0.4993192399325874	0.5348001196312192	0.5696159720136433
637	1.0420354134112042	1.02919412741192	1.0122493640034709	0.9920140431931621
639	0.9398810223134816	0.9355650356025339	0.9279172877311742	0.9175659699823021
893	1.0337960886823208	1.0505028102524514	1.062057741754682	1.0689438969469753
897	1.3760099707761495	1.2629576510594211	1.1574046609533934	1.0595617054294293
1020	0.5148716472514134	0.4767125827309616	0.4401465374408365	0.4054769951023169
1150	0.9581307842587948	0.9824772122381428	1.0027443517071561	1.01927692262186
1271	1.0652078817802908	1.103090504539723	1.1363424160766062	1.1651833275209913
1272	0.9365818588014024	0.9283038521449992	0.9162319412541344	0.9010466745535032
1277	0.9744229689945691	0.9476967631474267	0.9186161280882282	0.8879625474891766
1398	1.2358907675871147	1.25609608860433	1.2705002047697853	1.2796939527020927
1401	1.2547877986061156	1.2274483529239142	1.196626727365271	1.1632883173658588
1654	1.0087482246513986	1.0384800494868345	1.0635073226730731	1.0841357772376605
1655	1.1602944161933155	1.141575162022562	1.11899594610707	1.0934365299040667
1656	1.0372463520826467	1.0228998508325757	1.0048443180685058	0.983864198963578
1781	0.5116354880339847	0.5212577936117694	0.5285617875728481	0.5337725082486362
1907	0.8862261921274449	0.927686782795604	0.9657979075473624	1.0006321727717526
1909	1.1991741355848458	1.178604182286236	1.1544150464665153	1.1275054748654407
1914	1.0145497249528102	0.9335697824503776	0.8576600874232846	0.787077165100453
2160	1.0500640675336437	1.0729291362222284	1.0908195939295757	1.1041653627769332
2162	1.0588232481645452	1.0463115287286013	1.0296142235439625	1.0095529849747147
2289	1.0072453447831742	1.008059907273231	1.0045351177056265	0.9973339638912451
2417	1.1097232701072384	1.1366966495166635	1.1589858475994	1.1770191418994962
2421	1.0020464917739325	0.9563936820658526	0.90989012991276	0.8633555135044146
2542	0.978021972803274	1.0108127723811722	1.0398219079123219	1.0652884739711785
2544	1.0921691789240164	1.0759700943564958	1.0557602940665536	1.0323700959458304
2673	1.0258651413713529	0.9837236187052378	0.9406180142738367	0.8973710211708864
2674	0.8221327074181688	0.8123097389297314	0.7995251866439304	0.784408069295486
2675	0.9268645930488928	0.8842410434785003	0.8414504104589582	0.7991346067844828
2922	1.210281364338306	1.2047660308802137	1.1933421550660936	1.1769053876254336
2923	1.2795037410786014	1.2978441610899734	1.310563571443955	1.3183031516503663
2926	1.0051048751277183	0.9815059721864597	0.955132071682926	0.9267754564061615
2927	1.223717757607249	1.1170665842034158	1.0177906783127824	0.9260789386840215
2930	1.023757030850398	0.9426105420140708	0.8662804909745417	0.7950462824492784
3049	1.3657440793100222	1.4125137702631552	1.4530387376947065	1.4876177057343314
3058	1.034457273896439	0.9017128626398028	0.7857933212261697	0.6848967120330997
3178	0.9748968460854264	1.0013999504419477	1.023476951901163	1.0414545117543674
3179	1.0317395449090796	0.9825712885737979	0.9330165051007506	0.8838664518740894
3308	1.2651491311653509	1.215936251194669	1.1651623085664382	1.1138160017679435
3429	0.4391487037921202	0.48392882766791434	0.5295818696845007	0.5759062801098345
3433	1.1795333430592012	1.1272709858879084	1.0744257594113107	1.0218683310006822
3436	1.2781503353353416	1.1224706284069919	0.9849858223992752	0.8640651165902944
3557	0.9731379949779664	1.0658595285302987	1.1598730124775585	1.2548288479393117
3684	1.277802403078109	1.2816280241692546	1.2796470361852224	1.272672070988022
3685	0.9770847995392008	1.0094250120295023	1.037400030082237	1.0612640130368118
3686	1.623145885872681	1.5993065752643851	1.5694120966939327	1.534740572686652
3688	1.031273711418012	1.0269000417694696	1.0187275488473408	1.0074282205465406
3812	1.396564507105592	1.4045503870552478	1.4069241797330188	1.4044981861936738
3938	1.2848296746082224	1.290212082325458	1.2898418370613467	1.284506074688473
3939	1.129048917726344	1.137697496102017	1.1415188641066651	1.141155828913123
3940	0.5778677942692696	0.582937009955253	0.5854544906178434	0.585738131750086
4065	1.0196399184417229	1.0717520093497537	1.120110093828329	1.1647114500426334
4066	1.2081624860459943	1.1967012817275064	1.1807095252639819	1.1610881126209716
4067	1.5935081543177176	1.5209320539702986	1.4472299648557643	1.3736758230527768
4068	1.2178756321876565	1.1890151333359738	1.1567173939397735	1.121938804162204
4070	0.9434654475141268	0.9086587627546119	0.872546224186745	0.8358591263643048
4321	1.282373410649711	1.264906448615628	1.2432493196028491	1.218329047670634
4322	1.1523321125183503	1.149489747731535	1.1420908223268411	1.130890428864252
4326	1.0547489571410151	0.9461413737078268	0.8486742116796913	0.7616000501297666
4451	1.0265803384762815	1.0043279331031119	0.9795378111241083	0.952957187369709
4700	0.8396056061353193	0.8720761045794443	0.9008621556845396	0.9261097886644495
4701	2.003504534896438	1.964082781560088	1.9175706711643847	1.865650497080439
4708	1.0418724130424108	0.9747261480140171	0.9098053869312249	0.8476943600351455
4826	1.0315806036367623	1.1116807809806668	1.190876383471322	1.2689354966793092
4828	1.0254579170265956	1.0502619559038426	1.070554038200332	1.0867167378849367
4833	0.8747426242720783	0.8552505857768685	0.8333400849389468	0.8096875370843911
4835	1.0358384455179916	0.9656363790081507	0.8981287464819063	0.8338980522460633
4954	1.105045420329527	1.1660604828307806	1.2232352121736345	1.2765091624739133
4960	1.0142835984188352	0.9861361640113676	0.9555528981269688	0.9233399803312493
5208	1.20503742504627	1.291103518502376	1.3749530292458203	1.456333378142862
5211	1.1570262783892649	1.1393072373819897	1.1176095219209614	1.0928157000029197
5334	1.3510701863714938	1.455272521637849	1.5577418735211812	1.6581104046574442
5336	1.1990216529468034	1.2557133932203253	1.3080905859053498	1.3562543593952998
5338	1.0544640324551329	1.0478456757532895	1.0375453522952482	1.024254165052647
5461	1.3286819915132613	1.421555229507612	1.5117820076714383	1.5990638703766964
5462	1.1297013810949688	1.1383174068758608	1.1416201700055304	1.140279527110195
5463	0.7603068148249963	0.7918980338366994	0.8205434755410324	0.8463665179899985
5464	1.126775725066411	1.1130270877968786	1.0950228467249934	1.0736194834724013
5470	1.0272784672288076	0.9159543201595662	0.8153798629258162	0.7250493516782663
5716	0.9351551150147872	0.9993507471623502	1.0615355343535446	1.121522266425374
5718	1.3681659447887986	1.3685438353038217	1.3629999360631269	1.3523814110810752
5722	1.007591140097172	0.967780627117364	0.9267237034646311	0.8852110704396324
5842	0.5098688791819507	0.5493332010599572	0.588003996743085	0.6257098727847732
5970	1.004767162492609	0.9725974713318594	0.9380032292608633	0.9018397159580349
5971	1.099223297157441	1.132574340185679	1.161320361590426	1.1857972409937112
5975	1.03434058919233	1.0063832788614093	0.975511111533686	0.9426092077652731
6104	1.3151037484260224	1.0904677812798744	0.9041369452153526	0.749905629781067
6355	1.0912907308608937	1.0910306973136363	1.0865283937552235	1.0784812289247245
6359	1.0564369224050851	0.9873348943485614	0.9213329893528779	0.8588558260227404
6478	0.9470857714645244	1.0044665548959124	1.059021297317737	1.1106432998573725
6607	0.9918121731260524	0.9972581961733824	0.9982664081077762	0.9954501555772218
6608	1.1626916110163057	1.121070348508655	1.0775116361775297	1.0329451835580454
6610	1.0731094696616048	0.9792313348264363	0.8915763979765073	0.8103807189340702
6732	0.8969479996750737	0.8880244855722853	0.8753182262099151	0.8595125238434117
6735	0.9659652858147058	0.9742283022843994	0.9781651769123395	0.9783144751714969
6863	1.0441711205281012	1.0729037474084686	1.097090575654054	1.1170898556899354
6989	0.8316292825562844	0.847143121791516	0.8587018786854854	0.8666776178442884
6991	0.9982798910582924	0.9661508239030971	0.9316489460013029	0.8956366345104076
7113	1.219923611407602	1.2267407202650507	1.228096217848058	1.2247368337404185
7369	1.1540360027173295	1.126095900909234	1.0943525709018143	1.059825153134161
7493	0.44073242445068017	0.4665107085727188	0.49078859118980295	0.5135130334668223
7498	1.1204181211139344	1.1476370647404008	1.1697209454990907	1.187082948216096
7620	0.8502081654760846	0.92019645267154	0.9896797920642021	1.0583748643102269
7621	0.4169597554694939	0.4467466144549991	0.47586983834418356	0.5042471833361908
7626	0.9161398790137548	0.8668683513380857	0.8178718901200122	0.7698355056602808
7747	0.7451795038570561	0.8135947912889901	0.8825935137435117	0.9519097423499124
7875	1.0213658974740487	1.0059008953318325	0.9866507124809207	0.9644271782795901
7877	1.0298106396253488	1.0578158074029929	1.080995311078363	1.09969398788834
7881	1.0632201409922062	0.9858977058065874	0.9124798639496888	0.8433784588836769
8009	1.0499063149802552	0.92820785010152	0.819510780529883	0.7229307779248727
8129	1.1056908023206091	1.2034159502646036	1.3014379316201967	1.3993936829471818
8133	1.0535121953696258	1.019789932113764	0.9838707982230089	0.9465948670452929
8135	0.9992381047671728	0.9710380134748788	0.9402241677016008	0.9076376300821639
8137	0.9996374987857708	0.9020767000724909	0.8125668318760105	0.7310122785630992
8255	0.6361436097649998	0.6753794949527467	0.7126501821477524	0.7478652686611905
8257	1.0888798924352905	1.0902967090178584	1.0872582673970406	1.0804396849816822
8263	0.9748992112610526	0.8974280222718009	0.8248032855039763	0.7572379319879833
8384	0.6677134704110286	0.6645613538356416	0.658696964872526	0.6505901243725485
8386	1.0264908242848805	0.9798270997903067	0.9327448125238992	0.8859940680977902
8391	1.1985516021592166	1.0913000642961266	0.9919936304487993	0.900649146930594
8510	0.7170447975722004	0.7739380233333552	0.8301852367951699	0.8855813914672682
8511	1.1773491976688435	1.2310399676611608	1.280304169877341	1.3252611975484545
8513	1.0844917889899808	1.0466948360096506	1.0064442573175079	0.9646826788647231
8636	0.6791443564400108	0.7345513972288484	0.7894778762549431	0.843708307885068
8638	0.9741591087805408	1.0215542184227664	1.065040524239899	1.104636841562864
8642	1.044398823393399	1.004363766466309	0.9629321748624935	0.9209345469850412
8768	0.8095572575723538	0.7213208697547446	0.6420310615468361	0.5711483707100341
8890	0.8901299650941142	0.9282157047635231	0.9627124949952673	0.9937186070294292
8891	1.2245295485944023	1.1924618016582194	1.1568489290440653	1.1187258071990145
8892	1.0956106943984325	1.1182441635876448	1.1355822652877692	1.1480836165957808
8894	1.1295483067426144	1.0984393750791552	1.0643069787422852	1.0280907879183077
9017	0.7577279983558373	0.823426601273448	0.8891684199103429	0.9547158846004372
9019	1.0460213342517997	1.033563505878129	1.0173014913354361	0.9980215073326454
9020	2.2070275075082275	2.0600817986157964	1.916687424270926	1.7784305538367502
9023	1.2954287409787275	1.2589979691126123	1.21987028214847	1.1790145351835426
9024	1.0659015719010456	0.9981714742610286	0.9323636664147616	0.869136792514544
9144	0.4842026149116844	0.5489036576590772	0.617624593453341	0.6902419070255686
9275	1.0155717856090842	0.9782259561652914	0.9390612653810041	0.8989345079710983
9399	0.9025822195151192	0.9521067379269296	0.9987540828681838	1.0425140006213507
9400	0.974395492534018	0.9511318814171236	0.9251424509168032	0.8972105085280048
9527	1.0723237080045152	1.0590466662593654	1.0415576761211305	1.020700964965104
9530	1.5540852877837792	1.482298812832576	1.4116171605047376	1.3423427811700226
9653	0.6060636963881352	0.640615640550378	0.6733261812720798	0.7041682739090703
9780	0.6735145364980626	0.706442762721653	0.7368784233063941	0.7648448344488714
9909	0.9304200730854112	0.9647031543802286	0.9948520267380757	1.0210681805815434
10034	1.1388866405503837	1.1548727157582803	1.1652173145802274	1.1704837577501335
10039	1.2199874914078517	1.161797617436414	1.1032728879255513	1.0453290002182658
10288	1.0244865970498374	1.0057591712916298	0.9833688837635479	0.9581555234694684
10289	1.3327451272549784	1.3137654982717721	1.289545317266739	1.2611594286273706
10544	0.9706093050335738	0.9745367162642162	0.9741536202402253	0.9700526874989526
10545	0.7618000876386297	0.7294138217222786	0.6962291799105282	0.6628599239510116
10547	1.0064243677299305	0.9535953822415361	0.9012276461605792	0.8500177835438641
10668	0.9117241575079916	0.9820989670124656	1.051543040136357	1.119844966772776
10674	1.0548964557619511	1.0420319070635724	1.0253612862974346	1.0056745456324854
10795	0.8746326210959822	0.9052018466618923	0.931738851222181	0.9544337364186928
10798	0.9310020721063136	0.8927211139937196	0.8535129019279181	0.8141014761483213
10802	1.0278786748375284	1.001310458366907	0.9724001358108164	0.9419185624290621
10924	0.9786980694132236	0.9817998580745533	0.9807421094864373	0.9761280858667774
11050	0.8621083093874786	0.897424435329132	0.9293444786548513	0.9580163203575497
11305	1.055645339462623	1.0885250932739672	1.116977440696466	1.1413088968269283
11310	1.0267235825028975	0.9780147111238443	0.928643410890786	0.879464077387614
11432	1.0166684102165386	1.0589616267447837	1.096936542631248	1.1307284156449615
11558	0.8599882124202732	0.90014224717986	0.9369796497161269	0.9705591558367627
11685	0.5236280399761564	0.5766461658741309	0.630928313493243	0.6863023999115359
11686	1.1189124630004272	1.1482237355798124	1.172693075265358	1.1927182431853833
11692	0.8799073052852511	0.8699398168277942	0.8567175074628035	0.840884907495517
11811	0.8345548329269247	0.8643735169485535	0.8904933410786375	0.913091723186871
11813	0.9637138803174312	0.9991762835570008	1.030367292624232	1.057467325982767
11814	1.4617809292868569	1.411861141884355	1.3592969732339966	1.3052602247368004
11817	0.9637685775381905	0.8829653938930363	0.8070700939041793	0.7364055580464846
11938	1.0252353338074314	1.0613449823055814	1.0930382609500693	1.1205535667854525
11940	0.8418707745792026	0.8703684378050808	0.8952260303189029	0.9166584919410318
11941	1.1702418061517044	1.1433706297938597	1.113017083698522	1.0801156635710234
11942	0.9865542931882708	0.9953570652785877	0.9993396534488805	0.9990703065273863
11943	1.083207636188968	1.0921937278451102	1.0967383059486713	1.0974368036651707
12066	0.9962412367865172	1.013294513104816	1.0257378440045586	1.034039635536333
12069	1.0940165789821992	1.0643261199906693	1.031477025010249	0.9963973042764135
12073	0.9864170362168092	0.8625888248617068	0.75407086151685	0.6593220456996588
12193	1.33986186132931	1.41506408736169	1.4854528425517188	1.550919793337447
12326	1.2018478117849554	1.172325990338337	1.1394996752059612	1.1043919635857085
12446	1.959060767773291	2.074592631371768	2.18416565007649	2.287621180654425
12449	1.115833363679822	1.0847611903507892	1.0511780325333855	1.015965681089279
12574	1.1662326068386857	1.1941715511973598	1.2168146930041017	1.2346050740894239
12578	1.0222769584660878	0.9878209284287722	0.9514711403147164	0.9140846132038217
12706	0.93703437449093	0.8783101960789682	0.8212256770099448	0.7663559485310115
12709	1.0532094838700872	0.9741904054747313	0.8995500970190959	0.8296339984517427
12827	0.7288841122647283	0.7973362906593527	0.8665272995322201	0.9361909523139379
12835	0.9548165920250944	0.8918053059098163	0.8311452798845131	0.7733462571578886
12957	0.774019161658039	0.7865596354425842	0.7957309385112912	0.8019105530994519
12960	1.1099906430454756	1.0754312375067874	1.038410696617995	0.9998280426732762
13081	1.077693469463502	1.0951533513925433	1.1075024346501015	1.1152515130894187
13082	1.2621062383641486	1.32961928938423	1.3930944338142472	1.4525115264476807
13083	1.3776420660087356	1.4034264104685508	1.4230926576174867	1.4372566343562174
13085-1	1.118990955217227	1.1569387094534134	1.1902741020195884	1.2192845460173596
13209	0.6940905094930667	0.7058883634129394	0.7143359541613662	0.7197508987850165
13214	0.965728807908265	0.9347551151414764	0.9020717898082768	0.8684010177384142
13335	1.1423843583319149	1.2098523180035208	1.2736020629478184	1.3335105816430313
13341	1.399946507225149	1.347066187470279	1.2915060516923296	1.2345023498102976
13464	1.0730781514519507	1.0998211971221707	1.1217858551851394	1.1393752358831684
13465	1.0785475156494826	1.096527783049676	1.109915307173707	1.1191943675807612
13594	0.7913479571350535	0.7854032341986901	0.7763325862525071	0.7647008930260506
13717	1.0331098323117467	1.0843507962295509	1.131888643975626	1.1757524206977832
13718	0.6576243981762412	0.6563429247299455	0.6522281486039337	0.6457258269907529
13723	1.048708217827771	1.0279295745940802	1.0037674582774005	0.9770631404337946
13724	1.0377913558721104	0.9320781389918786	0.8361173584429297	0.7494783657667383
13843	0.5670849422029347	0.6347859734650025	0.705595886924698	0.7793296188531814
13849	1.1230854270879025	1.1083696907625225	1.0896149739975693	1.067669092257298
13970	1.006827645193198	1.013792822439405	1.0162928186151448	1.0149145978971383
13971	0.9762896064501008	1.0163594698092178	1.0524694360620435	1.084768478860041
13973	1.0035849151697391	1.0070746552112753	1.0064884112375785	1.0024392078672744
13974	1.137501592945212	1.1187909636915707	1.0958669605880973	1.0696406884412533
13980	0.9968584332585934	0.9149316517617971	0.8386140535906548	0.7680487066651533
14097	0.8036833323030014	0.8701201163140356	0.9360824500967508	1.0013205661686972
14101	1.0155655168763953	0.9370202985105148	0.862358661344241	0.7920863560962516
14105	0.9980656503076096	0.9694689840717468	0.938318678011272	0.9054462139980891
14226	1.0824315683303631	1.0971927353714455	1.1074674783774485	1.1137939733078355
14231	1.017652432227001	0.9792613567315978	0.9393050459299692	0.8986033946326815
14351	0.884012526296866	0.9196799190946783	0.9514956961167218	0.9795999072556842
14352	0.8382802406397054	0.8458075893659401	0.8494586032268991	0.8497037395849087
14355	1.0140345072347092	0.9974771098656862	0.9778890158344509	0.9559967820365051
14481	1.0720322650321248	1.035360816851862	0.9966234745282104	0.956716853516938
14485	1.0297227377071914	1.0031245737712433	0.9742276191872117	0.9437913178967071
14609	2.111053751519536	2.115538301331799	2.1112343939560168	2.099455963692954
14612	1.1603411899803442	1.174545156945456	1.1835364490224418	1.1879245048545846
14733	0.9913231613785104	1.0027283382021954	1.0091976059298986	1.0112581007055779
14861	0.4169207426650555	0.4140683151846294	0.4096030243060892	0.4038129597250934
14862	0.9027556920087036	0.8404913954675388	0.7805337993198197	0.7234189961865698
14986	0.8520252287944791	0.9216172430641895	0.9907253890726498	1.059045237669944
14987	1.1504357430477192	1.2106891242328484	1.267095822126704	1.3196760864887798
15113	0.5736735425343863	0.6139097837486123	0.6530174000551694	0.6908810526833511
15116	1.1967967772711028	1.136509216209799	1.076364910952776	1.0172269209067129
15245	0.9941364720164166	0.8919684381217439	0.7986995106631403	0.7141322623757941
15246	0.8322810577067115	0.7691355095462585	0.7094380103508925	0.6534769103655388
15367	0.48526142216564416	0.5164010466247	0.5462598113565591	0.5747660588209037
15370	0.8384699171369867	0.8468475943093204	0.8516600905338652	0.8533594936144635
15496	0.9383669817856006	0.9407529319983728	0.9390535770223016	0.9338606279060421
15497	1.0324605411156595	1.0073456831703989	0.979348146100472	0.9493208741094311
15621	1.264542422119185	1.3218908373856169	1.3742321523813197	1.4216528506472002
15624	1.749245173735434	1.7369798882302259	1.7183429789389548	1.6945326453684584
15627	0.9915465172034984	0.9576402485550705	0.922354499117693	0.8864060259435939
15628	0.9760941550158696	0.9771923648045691	0.9741604415162001	0.9676189965318779
15630	1.040011671845082	0.9489090477510428	0.8641039807035532	0.7857689184133493
15753	1.001053095572294	0.845266388576194	0.7145928486303561	0.605039762424224
15877	0.9873460666502456	1.0232871492337166	1.0551403493445546	1.0831239513209188
15878	1.1639878456063515	1.1979308386330136	1.226680977805477	1.250601716792133
16003	0.7686343488191368	0.8194237539272063	0.8686330225346002	0.9161750195643675
16004	1.181964822155796	1.1722519130243734	1.1578109643139671	1.1394933632172746
16007	1.211118909821112	1.1110090201383018	1.0171254074710365	0.929773974209998
16009	0.9473072235504324	0.88311990007615	0.8211298484281959	0.7619056245525553
16129	1.1374646711124918	1.1690928661142757	1.1952341760732101	1.21624004898814
16130	0.7880762832286566	0.8419410996386298	0.8940709450046366	0.944318528054971
16131	0.6690382696046764	0.6850652729077413	0.6981239101758963	0.7084675054116291
16133	0.9901806874042935	0.9775002761166428	0.9609196727378231	0.9412152359640324
16257	0.9208977695148632	0.9451164041089605	0.9650236264448132	0.980917353349134
16258	1.2674552865303197	1.2437257310194993	1.215722663045061	1.184473336109442
16263	1.0335230177266768	0.9926155453828868	0.9504400840072423	0.907813729541622
16384-1	0.8389856685069195	0.8539885622373455	0.8652773673518308	0.8732034101620577
16387	0.9944619176965316	0.9555529446173734	0.9149779362367467	0.8735909871027766
16637	0.5693612909531324	0.6034612666360835	0.6358798951098338	0.6665597684174727
16643	1.0156776008831083	0.9459415908957584	0.8794718972084916	0.8166830734138305
16764	0.7342154158763421	0.7685236432712134	0.7999534334749697	0.8285544802503192
16767	1.044095960332455	1.0528753734315102	1.0574042866670597	1.0582325576811542
16893	1.0679990162582178	1.060361066193049	1.048305890616644	1.0326100224854802
17018	1.9081897021725223	1.9438551190169149	1.970327887716698	1.9883509294590542
17020	0.922903551066595	0.9664337941437918	1.0065299317141927	1.0432530284794828
17022	0.9824061059698944	0.9864011242785262	0.9867387984176104	0.9839941114166059
17146	0.700705388735679	0.7089495131983515	0.7136630574036381	0.7152181213896077
17147	1.374939497758441	1.3722248672055493	1.3634985130220172	1.3496662769957024
17149	1.128642596165144	1.0915603373085176	1.0521832255768049	1.0114355446279353
17275	1.1161496938879074	1.1371333826083319	1.153230824985773	1.1649250347023208
17404	1.1809424812809397	1.0927471466027512	1.008806416655813	0.9296771686597174
17405	0.8888049824634544	0.8320173731659009	0.7771651655267077	0.7247226945408684
17526	0.9890744383476656	1.0635630061181747	1.1366106748210656	1.207969282368116
17527	0.8877311212370436	0.9301164884581083	0.9694369197779941	1.0057758376764934
17528	0.8007050696082649	0.8177291071496007	0.8314714172967634	0.8422589297785441
17654	0.6641331164844514	0.6771249386936182	0.6870214703552955	0.6941059420976384
17782	1.0599808541912823	1.0552830065021441	1.0459822712639886	1.0328411779145494
17785	0.9941942608140314	0.9343515081203821	0.8758251618943552	0.8192825328633336
17789	1.1060266276446789	1.020661528206919	0.9402573792318314	0.8651498768993339
17909	0.8515966768784142	0.8767871067146689	0.8984348403486054	0.9168017850273731
18035	1.1510267265348426	1.2133101291923671	1.2715105937613114	1.325589288238402
18036	0.9250653124954568	0.912398820232841	0.8966908617351574	0.8786015328357153
18042	0.9986476655027896	0.9387234628083917	0.8806257100092612	0.8250685355000617
18167	1.0358310626183806	0.973311405985327	0.9128595451013881	0.8550268551441312
18288	1.4267254808295162	1.5192480844904088	1.6078947890425173	1.6924056438822448
18290	1.064613961152178	1.0733089828203302	1.0768959409410077	1.075988470062527
18293	0.7613588527152888	0.746569052325746	0.7296498682041953	0.7111740987893449
18419	0.9812176381287222	0.9696752672319819	0.9542871832906028	0.9357748306326329
18420	0.8928026932552691	0.8653278344126781	0.836073095731308	0.8057304475667051
18670	0.8647400946040433	0.8650393122798671	0.8616982421196834	0.8552700348613307
18671	0.9520460377085096	0.9634652678202211	0.9701596302498962	0.972644748742746
18799	0.7658305605619949	0.7799056290172971	0.7907871391107268	0.7988045887562949
18801	1.0188222849727069	0.9964419161115021	0.9715300792691561	0.9448380849427056
18805	1.096641340382677	0.9964168769213094	0.9045107471230099	0.8206832018949647
18926	1.0896815213650446	1.1087999112636455	1.1228876537598385	1.132449942969889
18927	1.740659415453822	1.6334417047100738	1.5285539128951717	1.4272639588788256
18928	0.978723493172152	0.9240539189833599	0.8699099643140368	0.8170302963205894
19050	0.8449771809199156	0.8934744958188312	0.9393660218505031	0.9826090717594466
19051	1.0340332070482907	1.0197230700830622	1.0010299754798027	0.9788133055888159
19052	0.975075303008352	0.9630720574497076	0.9474962572347396	0.9290826601956184
19055	1.131546820457738	1.0687117528514147	1.006694375295654	0.946298271722892
19177	1.3735311599885254	1.4407459159124443	1.5028239585528214	1.559811234045215
19180	1.00495918853162	0.9928113930311351	0.9767795393631755	0.9576411665975199
19182	1.3803524867757044	1.3162115937031336	1.251048918604105	1.18589098746151
19305	0.37708735471016824	0.39857391626666583	0.41885817659683355	0.43790687354594127
19306	1.05008080166407	1.053802942800437	1.0531005663013677	1.0486100118981037
19310	1.058218072376935	1.0745808982210452	1.0864805846380379	1.094428441096503
19559	1.218749840805261	1.2598491837192065	1.2959710365965684	1.3274318209269675
19685	1.258116427258056	1.2822844088818215	1.3006998976576525	1.3139156546788031
19812	0.8825205308077744	0.9114681875881008	0.936688337497349	0.9584165583158524
19820	0.9537098869522704	0.8433889108679994	0.7448108437812363	0.6571876073150817
19942	0.8913303276818629	0.8559031435926769	0.8191900942087623	0.7819339794268898
20071	1.019345258224354	0.9454410556006388	0.8750449716810732	0.8086231148411945
20072	1.0643895430599608	0.9608281969241192	0.8664028528997921	0.780777746671488
20193	1.1329266181786812	1.1701919860478305	1.20270595616433	1.230778936336578
20194	1.1433086241772863	1.167524787085993	1.1865153264339896	1.2007504391354216
20202	1.0719067254436834	0.8983107813739137	0.7533461603591388	0.6323314762225788
20450	1.1470066199543454	1.053933508103541	0.9659987188570948	0.8837132683960475
20456	1.0148771664447611	0.908503735312967	0.8126162389190502	0.726561726405214
20576	0.9714966698075882	0.960366154817364	0.9459837894601556	0.9290151224750369
20577	1.0601202067684454	1.100703485951123	1.1368335641696377	1.1687146309518124
20579	0.8627796696100429	0.7979553263303625	0.7365716394787446	0.6789434698995033
20703	1.0192440209427387	0.9333759532354085	0.8525298211296463	0.7771057532579103
20705	1.5267961157584995	1.3713368425141215	1.2305914845005654	1.1038238039375354
20825	1.3946390964682656	1.443872466200641	1.4869714098782094	1.5242559033921759
20827-1	1.211574766069642	1.183787394483858	1.1520638794974833	1.117430666922826
20829	0.9296386689908782	0.8724786150749629	0.816803514504563	0.7631966724055526
20832-1	1.0572030554331728	0.9924083681211998	0.9293282909285723	0.8686260210972312
20951	1.0921107678858906	1.1552870203379628	1.21528058415613	1.2720363417471083
20957	1.0154767423064437	0.931714149382276	0.8532626220416908	0.7803645177789661
21082	1.061140082956496	1.060784172223848	1.0564413090833455	1.048771726565189
21083	1.2215347504942098	1.1406525024797822	1.0629183963070579	0.9889565392447586
21206	1.069708286901697	0.988444762374003	0.9120017758512878	0.8407028310045104
21329	1.432077771391839	1.5163127089990738	1.5959587395651844	1.6708775634909538
21330	0.951904152616152	0.9897804342109824	1.0237264142264169	1.0539098691889335
21456	1.0437812773458544	1.0488817522400964	1.0492393459777152	1.0455032192680715
21581	1.153217405185415	1.2325509156118974	1.3095837084794717	1.3841215012106451
21585	1.067830844867622	1.0850778390554372	1.0979222542215605	1.1068501767409975
21710	1.1043658819856417	1.031342349919708	0.9614259362625396	0.8949288804840363
21715	1.0040473718010627	0.8279812567331427	0.684059457287193	0.5662786880040659
21836	1.02877830535128	0.9949019230710262	0.9592395244547975	0.9225885278466274
21961	1.0582689263727774	1.0570466607170532	1.0515674486486581	1.0424947509741995
21965	1.2610810329515816	1.179484526655102	1.1008586773299782	1.0258826809030082
22085	0.9299937650963098	0.9776492264549228	1.0221211061769313	1.0634427158592137
22087	1.0401158489787814	1.031449720371764	1.0187212439549724	1.0026935437764122
22090	1.0049994106327342	1.030183467630804	1.051466739093659	1.0692180742488755
22091	1.0243779360815397	0.9554718526009658	0.8893616453579741	0.8265779144559832
22092	1.0861418717397466	1.055994201565502	1.0234913289721859	0.9894658374332653
22211	1.1104791804838376	1.1238179202695964	1.131634492172034	1.134527096274063
22212	1.2013907196554725	1.2557314801325958	1.3054550584999103	1.3506739935108667
22215	1.0650110997313476	1.0334546358165106	0.9996019384785719	0.9642849969897525
22218	1.019066420644231	0.9564002524400652	0.895008042095038	0.8356457502697192
22341	0.992405160703744	0.9558279371208156	0.9173424479278893	0.8778053297901701
22464	2.109264338656624	2.0715153051183535	2.0257188284887495	1.9736271825786447
22465	0.5231650226994671	0.5066187832084317	0.48883472759246716	0.4702615479845877
22470	1.0136838812926678	0.973098702699024	0.931336695659502	0.8891894217231061
22597	0.9660639690112036	0.9249293309274159	0.8829510354679333	0.840877917192508
22715	0.9528799038721464	1.0076176925176887	1.0593167325684651	1.107918392242772
22718	1.264366958232162	1.2998564808381594	1.3301262716995277	1.3555885246665502
22719	1.033676989035971	1.005901034738659	0.9750910933300954	0.9421409516194499
22967	0.7855523923845177	0.808041065128177	0.8268844250831888	0.842324026153754
22968	1.123899902418698	1.1275651074610462	1.1264175609995104	1.1211562908360668
22971	1.1133888417685585	1.055927377004935	0.9984102194682326	0.9417316701025822
23095	1.2978791312405626	1.3479169000228344	1.3927001332884852	1.4324790543854569
23097	0.9328709212635004	0.829555136986411	0.7391262501276594	0.6602279592512934
23099	1.1862962142251292	1.1111220719593868	1.0385188700685033	0.9692048947864947
23221	1.544437552560776	1.4866240756780487	1.4262066633420436	1.3644989331028123
23222	0.671548118059092	0.6724915468976813	0.6708846478886183	0.6671348308061983
23223	1.0100770090108355	0.9882334263236394	0.9635088128251091	0.9366868486905839
23347	1.0560448985585686	1.0602625532190644	1.0597800115949116	1.055256435638993
23472	0.9184490198650612	0.9214352925150977	0.920453453046571	0.9160810564218103
23598	2.043305746022548	2.1424673986042717	2.2339618376101407	2.3179025379461904
23600	1.0228818527344894	1.0011609403854427	0.9761815503484113	0.9487999744091385
23604	1.0422419810944792	1.0079627128792157	0.9720004143937989	0.9351515107826245
23723	1.191910723299713	1.2420708445783077	1.2871344425639866	1.3272536165277413
23724	0.9689574951945812	1.015235762366527	1.0580385267444288	1.097445919717434
23729	1.9499198261430313	1.7573290535467723	1.5814394326384051	1.421631653952073
23856	1.2741018553170795	1.1588067428478819	1.0521303242363074	0.9541207489788207
23975	1.364698484961158	1.4380051615377414	1.5061302696417573	1.5689921799069213
23977	0.9593195634849434	0.9894373353360861	1.015460309389721	1.0376653854490951
23978	0.9403675598605186	0.960342926769484	0.9760731273832552	0.9879485395107348
24227	0.6130892064562725	0.644759865879227	0.6741940573024988	0.7013990731034464
24232	1.0205388680804472	1.0011867962329293	0.979061915762931	0.954921176364659
24233	0.9768071331869496	0.9224292817435712	0.8692576247211607	0.8178865906822208
24353	1.1707512889281402	1.2539059336499827	1.3346844800129012	1.4128083528432895
24360	0.9271243653713864	0.8931484692422209	0.8575148396269865	0.8210037626124306
24479	0.987695347034713	1.0418230925221077	1.092764437808219	1.1404878039788384
24488	1.0110166275167762	0.9070545412112331	0.8128735857765984	0.7280090691323619
24605	0.4536719973823384	0.46459754950161125	0.4735596814373458	0.4807350711733843
24606	1.3164583668839032	1.3258682078172135	1.3295186871185858	1.3281608999969974
24612	0.8452263338923496	0.7655181452202144	0.6927655901372668	0.6267232825122364
24733	0.9713621210260862	0.9779983849832664	0.9802746906028923	0.9787615608334924
24738	0.9856793481275756	0.9109730689863957	0.840421997795293	0.7743393879148771
24863-1	1.0292847515339758	0.9552157139972511	0.8842969543382482	0.8170821878397563
24985	0.9900881521142108	0.9764451346537105	0.9590543200933543	0.9386964658216012
24993	0.8789390240842233	0.7885568995025652	0.7071895969336167	0.6342430523976903
25115	1.0305713322733248	0.9767196992739045	0.9234441487410718	0.8714370607659777
25239	1.4560858720113083	1.4243255539076713	1.3878589527848229	1.3478925280455398
25240	1.267609999880979	1.1950056654201902	1.1248403813653531	1.0577394132487796
2-1	1.034055723417421	1.076508502705624	1.1150690296315715	1.1499024887827956
3	0.9716770828726002	0.9376014115278444	0.9020261629451337	0.8656894367266826
138	1.0445039141818528	0.998003969224986	0.9509255154230137	0.9040464041270405
139	0.9409292656662622	0.9477416007003598	0.9506593656422813	0.950218654016211
263	0.8928486992973936	0.9545090052401466	1.014384381983006	1.072318797407346
269	1.1659034333377385	1.1452089499340188	1.1209349221897988	1.0939580752625222
397	1.0196031296842851	1.017446328032785	1.0115447376430053	1.0025310302720196
398	1.1517166044641598	1.031506818674236	0.9226574321051149	0.8246367731060601
657	1.0634105617823435	1.11460312506933	1.161847686778272	1.2052107213996415
919	1.2960159518471035	1.3878554292504035	1.4774844709662631	1.5646612814017122
921	1.0175625752918882	0.987558297583109	0.9552206260642728	0.9213776875580503
923	0.7875483393883854	0.7718666457256407	0.7536159041166506	0.7334319919929181
1051	1.0048767858270276	1.0327903573979498	1.0568779636836723	1.0774836755321995
1054	1.0366704363976145	1.0115915912186038	0.9838038598284039	0.9541098647957809
1056	1.0010325698879363	0.8842015924183636	0.7800153455789064	0.6875854266983762
1179	0.9546662966655092	1.0337234833386764	1.1121694048426787	1.1896842784888297
1181	0.7163524708444794	0.7502804936791533	0.7816314768176972	0.8104664648943043
1315	0.5543210195911635	0.5510770030109164	0.5460143009321526	0.5395095903867183
1443	0.4813676291563065	0.4896162310659156	0.49566203893176847	0.4997269118446353
1447	1.0300849720575969	0.9812971326263271	0.9324002381241124	0.8841245676490259
1573	1.2108744682344517	1.259518539095712	1.303097943924714	1.3418189949113617
1576	1.0926928049505469	1.0928178241265902	1.0882829464483341	1.0797957661406026
1704	1.1077726061925213	1.1736391411322618	1.2364925170375765	1.2962717327779616
1705	1.4857068485256806	1.462383910012362	1.4336157379295802	1.4005938634060795
1706	1.5556961309802146	1.5825857591665264	1.6026894911868237	1.6167225854013472
1709	1.072662959374485	1.0529534123649174	1.0299936959239957	1.0044966196204455
1970	0.974346381750056	0.957974507942806	0.9382117738871851	0.9158236547890259
2227	0.9065767542494604	0.979690460033821	1.0521059266641095	1.123561289092739
2228	0.9131396595988786	0.903481192871099	0.8906329795201516	0.8752426911947822
2231	1.3304930904105767	1.29425908754662	1.2548804252002845	1.2134053366777753
2237	1.0169999499695803	0.9048663348846793	0.8040382981602983	0.7138221386118317
2361	0.9693140873694036	0.9745359319760118	0.9758715179548513	0.9738794944556645
2362	1.0456794886358425	0.9602559291252777	0.87980911978972	0.8047242777150581
2626	1.0153666962145371	0.969600614787444	0.9231494029484576	0.8768345929729374
2756	1.0929584720982095	1.0498068546715735	1.0051968286174267	0.9600129434378628
2758	0.7845477755366126	0.7371944201540399	0.690821341285046	0.6459893196391013
2883	1.003656105748972	1.0454476212724875	1.083754013443896	1.1187486197376435
2884	1.0211689282049363	0.9895477412526077	0.9550894692511028	0.918703921867322
2889	1.0335538353898788	0.9661766138317415	0.9009313003987168	0.8384708077359398
2891	1.0533724782512714	1.0028473528300037	0.9525180822676154	0.9031282725334192
3014	0.9966110400600092	0.9614321390459974	0.9242995461512554	0.8860672684831445
3019	1.087249838196535	1.1003201252078008	1.1090455142826736	1.1139639249309767
3145	0.7301083161576012	0.7634274773289762	0.79390876510561	0.8216094764637084
3148	1.689224521723893	1.5953745301132187	1.502437542984659	1.4116842592932333
3280	0.7752949048853697	0.7127571305547564	0.6538426839371511	0.5988183785789096
3409	1.217192255976835	1.2437171358898453	1.26462723964829	1.2804082231698914
3410	0.8818808858096966	0.8960631558938194	0.9067211977403252	0.9142677736756044
3537	1.087626844206329	1.1898835273102846	1.2931351042439554	1.3969629828251586
3538	0.5485537082865928	0.5971158347067211	0.6459968512249997	0.6950421363275726
3544	1.0318779655917727	0.9970224769857434	0.9601097849185142	0.9219877195726449
3545	1.0255718044062505	0.9559772721318865	0.8892422460474565	0.8259702139788112
3546	1.086416548381871	1.0618250916074456	1.0346733239160917	1.0057902577276074
3668	0.8401458817181094	0.920091531416183	1.000957410088407	1.0824043289972323
3672	1.0984997966994534	1.1232260642064178	1.1432452225681338	1.1589923750566082
3673	1.1980603007668191	1.2028133847389055	1.202610228700484	1.198172822647001
3933	1.1171364918576516	1.148173760808348	1.1745558806939937	1.1966162078254896
3935	1.0130188426899387	0.9699511929073779	0.9259532101899569	0.8818224015882514
3938-1	1.0144783938003907	0.9796250439013091	0.943070123580652	0.9056129122246364
4061	0.9288333093109814	1.0152701087045986	1.10243448352369	1.1899604214419839
4062	0.8235379707195334	0.8507262105978038	0.8740812536408555	0.8938093981575154
4064	1.028927482581453	1.0050650755898893	0.9785167043630534	0.9500608783927289
4068-1	1.0186132709253075	0.9165943530557155	0.8237391209142485	0.7397397851685115
4192	0.8012880418082345	0.9104351797907697	1.0267505169782636	1.1500532205843887
4193	0.9659374271199184	1.0448253681740511	1.1231097845811995	1.2005044210908888
4455	1.3220646990170837	1.4199321150377597	1.5160046397965747	1.610021885926609
4459	1.0948845552065	1.129251543131104	1.1592372252598298	1.1851542773062882
4461	0.994922843678806	0.9447606698537169	0.8943573253865447	0.8445266089725708
4721	0.8271968461118959	0.7989953813517866	0.7695635304706021	0.739526781893172
4722	1.0479539119513	0.9794566262535799	0.9129260894526211	0.8490525355836946
4724	1.078482994863357	1.055012604111024	1.0289837970283668	1.0011717018677813
4847	1.009060758646139	1.0841919160951898	1.1578262856957628	1.2297156472895092
4980	0.9015294326603916	0.9183485197538318	0.93122765728388	0.9405597705906997
4982	1.02976638850532	0.9923246638178804	0.9531663337534	0.9131289651618507
4983	0.9712684622094142	0.8997568136763989	0.8328363015920133	0.7707650247449127
5110	0.9199234178645777	0.9470262358053572	0.9701330080251621	0.9895388758983142
5241	0.8448203396012692	0.8900354939370019	0.9323730645007021	0.9717978803717895
5372	1.0334516267495206	1.0881159027955596	1.1391293406608831	1.1864826121073675
5374	1.110700155073579	1.0931387808552642	1.0720418400798326	1.048241970820141
5509	1.0578396928369316	0.975952272039578	0.8987597331299162	0.8265787976933625
5633	0.8963061996408943	0.9520564570965707	1.0055370945898847	1.056668913455994
5634	0.8802274803023842	0.9195548574015914	0.9554028953967302	0.9878503119213218
5635	0.9945929892415996	0.9830307343523674	0.9678227392472012	0.9497096238210805
5637	1.006416760874816	0.9896595199644496	0.9698138176576868	0.9476180465137114
5640	0.8909062979931983	0.842596816630513	0.7950886360326178	0.7489760141317705
5768	1.3584905283076016	1.302070233148823	1.244102309169333	1.1857018876474
5771	1.125408500283824	1.08613959682101	1.0448180955100275	1.002381282972881
5895	1.0430305489653584	1.1119756061323318	1.178006539965429	1.2408871962783188
5898	1.006711797605132	0.9928070983449067	0.9753508808211231	0.9551115225976602
6028	0.718577366479839	0.7580436437435284	0.7952010811888466	0.8300453081341178
6158	1.011923210314925	1.073414085713941	1.132024360055132	1.1876511693658574
6288	1.0034796624945783	1.07049817485954	1.135073739813559	1.197026871042107
6289	0.5348768667730618	0.5631851521405724	0.5898594550976519	0.614921840344409
6421	1.016722020995621	1.0391804459163159	1.057292520551406	1.0714681821745342
6422	1.113998990376423	1.0789764929208245	1.0409747888394774	1.0010054956378116
6425	1.458154691567605	1.3519427543274283	1.2511848259199525	1.1564246449749356
6552	0.8026860423697328	0.7809446316172214	0.757187523578288	0.7320696887773336
6815	1.0356814421766265	1.00158678605919	0.965611025510062	0.9285554979606719
6946	1.438441700011441	1.362261093747583	1.286244376597803	1.2115273576099341
7078	1.040085521670871	1.0228714358858557	1.0021651104309237	0.9787695263195603
7210	1.1104127020154038	1.145364147200893	1.1754658499651394	1.201023900941306
7337	1.9105103820368996	1.9648013790252574	2.010570989574925	2.0484421111098685
7338	1.227416161069626	1.217063079525629	1.2015808872962308	1.1818828917015887
7340	0.9647630171452224	0.8712414530639774	0.7849270543826082	0.7058658127158218
7345	1.0523704944614156	0.9897387383488035	0.9285333125790363	0.8694039833390493
7476	1.0280177952856122	0.964214747427416	0.9023209607725299	0.8429443787519334
7598	1.145294930517682	1.2103637709310473	1.2715303205019677	1.3287054280919193
7731	0.988042190619061	0.9907063915824824	0.988859655049703	0.983132339721137
7737	1.0185435608587012	0.9441047324201831	0.8733504613327061	0.8067234034937673
7861	0.7658355099366879	0.7982666784074882	0.8275335029864489	0.8537315321875509
7992	1.0056567585940597	1.0979853881080621	1.1911235242787421	1.284733534939198
7995	0.6992495715266946	0.6795388322765284	0.6584812335284951	0.6365962492784296
7996	0.712390947150309	0.7134266288402178	0.7119259646307463	0.7083053042961485
7997	1.55448155972193	1.4932491068450204	1.4302190592431054	1.3665699468489336
8122	0.5799092580731398	0.62568755807798	0.6710771054379784	0.715923628434401
8123	1.0656168683782272	1.0801862804519424	1.0896895668774014	1.0946539786562104
8130	0.9978965845559278	0.8975834336886417	0.8062231273087038	0.723494840092715
8254	2.088640207217256	2.177275489515695	2.2576509243221854	2.330050310134388
8257-1	1.0761360199359251	1.015475627415663	0.9560299929786426	0.8984829268314727
8259	1.1640778386966557	1.1234680526520773	1.0808419022998563	1.037113473990587
8515	1.233592166760613	1.276236253725062	1.3130935121569256	1.344436381849893
8517	0.9180915832766272	0.9340000837373268	0.9457810566585284	0.9538571344336347
8518	1.0590871752761015	1.029250938555668	0.9972188483885936	0.9637856828344218
8523	1.0182791320296165	0.9729517040794885	0.9268277071376205	0.8807455709539563
8652	1.092540098960453	1.0624596356904707	1.029696696115324	0.9951442528508334
8777	0.427485124134186	0.45529190937109065	0.48204476195863705	0.5076754311866928
8779	1.0181708963645937	1.057689360104354	1.0935476997111866	1.125957450735057
8782	0.968556064004666	0.8659172082295142	0.7729737221579255	0.6892916696718632
8909	1.1560786935393588	1.2248277457562906	1.2905139924550395	1.3530649262792585
8912	1.036680741855805	1.0071302516687552	0.974972731780916	0.941073172540119
9041	1.08638319007469	1.1075341857169378	1.1237564866587422	1.135525085032392
9044	1.075109963451413	1.0950703840329803	1.1103632702314592	1.1214693350120788
9046	1.0728235810762496	0.9921553572408436	0.9155500079622783	0.8434795573186536
9048	1.0176179322932764	0.9236458458298397	0.8373549100868117	0.7585704331361384
9171	1.212646309450027	1.2364428361238966	1.2545836311377758	1.2675959333718831
9173	1.139409774715702	1.1128151101500112	1.0828184601440507	1.050352280410566
9179	1.0345121413870633	0.9325962065133846	0.839436403467555	0.75481718438565
9301	1.0673137372365755	1.1487960934904808	1.2285873580482805	1.3063671712015825
9302	1.0361651876956592	1.0618602728143394	1.0832176899074	1.1006171734036325
9307	0.9171835605556016	0.8456754180052339	0.7792115808575201	0.7178214246358288
9432	1.4400640681464545	1.5584111395932685	1.6756760173049376	1.7913886486438073
9434	1.128960450956375	1.1631170316548123	1.1921381999654352	1.2163461131905349
9563	0.5306844830864395	0.5739177845814115	0.6168262315753801	0.659258150076643
9566	0.976634924718365	1.0113698845409427	1.0421511787402427	1.0692076009614324
9695	1.0057818754505128	1.0552646176102576	1.1012132172743785	1.143670786312529
9700	0.9865631757951988	0.9158537767525075	0.8489951131334416	0.7862879310324292
9828	1.1922013329917318	1.1977348071359863	1.1983117487485093	1.1946315652778736
9830	0.9021287545086064	0.9250916902633823	0.9443050847512974	0.9600845675176322
9831	1.217922177056463	1.0830088500504742	0.9617674149529326	0.8533613824184003
9833	1.01123660514747	0.9817040139455488	0.9504241351849771	0.9181318587990146
9962	1.0420885666305872	1.0103212877612273	0.9758912211609847	0.9396957111821428
10092	0.9624794066638878	0.9912116214914541	1.0161285847216703	1.0375232984089195
10218	2.2017600937333337	2.232328481277314	2.252272833629737	2.26269152918073
10220	1.3331930211899676	1.369367867443412	1.4000201781137884	1.4256000334395018
10226	1.1816546637533552	1.1146248246660584	1.0489734817025373	0.9854390013412093
10349	1.0379406836663996	0.5581890060564327	0.3084809749085468	0.17243037191077548
10351	0.9954268021272268	0.9852189786012842	0.9715232043200981	0.9550385744198356
10352	1.0505105432012436	1.0866546483881836	1.1189895635703908	1.147792808195086
10480	1.43067230054416	1.4862768044889731	1.535474571117722	1.5784860147094302
10481	1.0342568576158195	1.0580225072918281	1.077118309762319	1.0919583807959632
10484	0.8521509400655519	0.8344675999069381	0.8140571367049453	0.7915893354575211
10486	0.9501256307859476	0.8986121809873475	0.8474089326406505	0.7972399422980226
10611	0.7947898093360224	0.8563543646747969	0.9168984170452728	0.9761871411434884
10613	0.8909173825490353	0.8863051333441785	0.8784369647023342	0.8679114585483086
10614	1.0076454886283002	1.009800733054712	1.0074266388899547	1.0011511338441423
10617	1.0228049977802525	0.9409598920122404	0.8652812420224192	0.7955769048871342
10742	0.6965181096176125	0.7423713322245433	0.7867055399172048	0.8294415842607846
10744	1.6348890666943714	1.5788962620672822	1.5194018426243106	1.4578030760996994
10751	1.0230273616235932	0.8859983299785826	0.7671203203468688	0.6643310393583908
10874	1.0027065554956798	1.0437066059133804	1.0805855634302537	1.1135044045392277
10878	1.0247723520174226	0.9978097779632529	0.9680904728835773	0.936447958125591
10879	1.4929184564946012	1.431408677746053	1.368323481503518	1.3048270293634647
11007	0.8891906442291541	0.8720310635799338	0.8519548274827801	0.8296781236600859
11009	0.7712241745400072	0.7557472807267794	0.7378955714573904	0.7182709904431751
11011	0.7541476741426206	0.7435850952146653	0.730550040344427	0.7155986447188417
11138	1.2783330324902489	1.3223463476625263	1.3611765711196966	1.3951455114324922
11144	1.046107928877029	0.9517136072636913	0.8647901455422561	0.7852680388264367
11269	1.3390456481500097	1.3964642094417443	1.4486548650304072	1.495792322564322
11270	1.0125581456844297	1.0276854977814205	1.0383847926433742	1.0451201811696433
11397	1.2029401934640938	1.2231049800925877	1.2374556831122383	1.246553638202483
11402	1.0122445142061045	0.9726207300716648	0.9316009480514387	0.8899992378284389
11403	1.086131126132244	1.0755039919819807	1.0613740764807174	1.0445046512723462
11528	1.057186343538702	1.102955252328218	1.144382273109825	1.181588881879473
11531	1.0528017996627792	1.0428218522664179	1.0286215262638163	1.0109834649237681
11661	1.047688470120477	1.0464643868820953	1.0404300584739654	1.0303094987061412
11666	1.036938980467876	0.935061285365296	0.8420962663722991	0.7577891260611637
11793	1.0669944101624125	1.0277221228176427	0.9864014505610054	0.943964615827143
11794	0.942337908810069	0.9171609307867422	0.8894646895897423	0.8600288746624614
11922	1.0875363078613676	1.1536125725552029	1.2166226271252754	1.2764736100698242
11930	0.9840004418903072	0.893276077978211	0.810968737863273	0.7368629325939131
12183	1.1159482538329073	1.1873926463011575	1.255993606500863	1.3216065634119636
12185	0.6825188810996831	0.7218671660495936	0.759473791206277	0.7953375615164688
12187	1.094841682335108	1.042007246887722	0.9889046282023337	0.9363625211726158
12189	1.022887399361929	0.9891416286580755	0.9536196043548582	0.9171295822001505
12317	0.9964856133219644	0.9863285905134108	0.9726560180332833	0.9561808050664378
12321	0.9044436044396404	0.8603615647020441	0.8157145424265304	0.7712649136210094
12445	0.7347635717785282	0.7730945839095208	0.8088150451478108	0.8419213422410876
12449-1	1.0403931026483189	1.0334569236051974	1.0233167453957621	1.0106150476149018
12450	0.9739230767744832	0.9066809043553863	0.8419266592855018	0.7802379654537431
12579	1.3759758997251352	1.3087284075857302	1.2411787378132157	1.1743846838615943
12582	1.0695593196493418	0.8932064042336216	0.7464936283081465	0.6245243949897997
12711	1.1757063761321256	1.0166023737953878	0.878153513082029	0.7581143050768306
12842	0.8718550844259515	0.9083246336023434	0.9416720129592899	0.972042726811517
12844	0.9863544916656402	0.9553226798667565	0.9222221299406439	0.887853236727491
12970	1.1644395298404948	1.2154979463953774	1.2617188631426222	1.303195893846756
13101	0.7932324712585341	0.8208935422836521	0.8456767188421567	0.8677898024613461
13231	1.3715144418080678	1.4450171594410477	1.513604939892244	1.577232174787093
13232	0.8989927669185301	0.9112634995047414	0.9196225901940178	0.9245277881868845
13234	1.042064776657554	0.9910493629122977	0.939513800252729	0.8883146313943934
13367	0.6234309512668025	0.6416140743682763	0.6573734352655475	0.6709068053633799
13368	1.0424160560951266	0.9491075009645435	0.8632482333767681	0.7847871574005927
13493	1.4170541176944145	1.4486540379479855	1.4738258596800842	1.4931395758659414
13494	1.6643969762512836	1.6317982502666137	1.5937376129956633	1.5515580880366509
13626	1.08863861688669	1.0908091918332554	1.0881189962082072	1.0812684987061625
13628	1.0556666626779454	0.9146992844447803	0.7917282378859438	0.6849186402275069
13757	1.0299255813238783	1.055450954628134	1.0763367106442416	1.0929630584396877
13758	1.0314743731852989	1.019011569313205	1.0030634238344853	0.9843686160602889
13889	1.045700616832904	1.0790678712498267	1.1085850412657408	1.1345588182457782
13890	0.4517432190626689	0.44590569521083145	0.438384523208765	0.42952515697400145
14022	0.9915157634821212	1.0273393306827387	1.0593941375227267	1.087919255030942
14149	1.2057483911231115	1.203426951161214	1.1959566443233443	1.184149619623043
14152	1.0334253215158649	1.014338703557904	0.9921643056247169	0.9676724626763474
14154	0.9253125594093028	0.8791394080836787	0.8331170242390239	0.7879058948811667
14279	0.3352948550756633	0.35417232948900007	0.37195943442475626	0.38863831740165666
14281	0.557226629194536	0.5852522267936867	0.6113346207153721	0.6354933426214189
14287	1.7678615362895749	1.5600294707881734	1.3760502226355928	1.2139337415266287
14410	1.2186157494123857	1.2441436407815432	1.2637887501632858	1.2780622554465177
14542	1.0282452721540245	1.0862937303803746	1.1412978942541772	1.1932343526669407
14677	1.05732322754623	0.9785274643447652	0.9040450524981634	0.8342393868701825
14804	1.0705743001792756	1.08473227603868	1.0941336974454892	1.0993272225248587
14934	0.950684471757338	1.0264521285582233	1.101467536725752	1.1754865173420865
14935	1.1318880620225535	1.1693089214374128	1.201659597612196	1.229226366806505
14936	1.2261723415710502	1.2160159257497138	1.200596149225248	1.1808410149524051
14939	0.9715849635436642	0.9801386573771524	0.9848674235147544	0.9863000730030629
14941	0.7371859957410096	0.6781092121003255	0.622814458990024	0.5714477435139576
15066	1.156109511342216	1.178217917699076	1.1947477687405799	1.206206652806256
15067	0.6762030815835296	0.690226086726567	0.701290648837407	0.7096835521721484
15068	1.140500337366246	1.1686028100593588	1.191962874549852	1.2109829425620402
15070	1.0591137544035338	0.9628037569155916	0.8735944976550465	0.791547621450116
15074	1.0101036519223516	0.9582555431621713	0.9068038997425831	0.856432347999743
15196	0.970680903918756	1.0463385428508218	1.1210592492102314	1.19459506372743
15198	1.0952057922242082	1.1268774083132334	1.1534146650832835	1.1751535971105593
15202	0.8809232980841207	0.8237584707855469	0.7714922975964897	0.7238961852912364
15333	0.9993390438076748	0.9246141495613166	0.8532883859871397	0.7858767517878125
15462	1.0740574130488836	1.04818449749054	1.0192741648758834	0.9882046249532253
15465	1.0788385832142209	1.0092682978544305	0.9423506229352375	0.8786173728001857
15591	1.007025900343293	1.0492200318701153	1.0875022335319007	1.1220209484278612
15592-1	0.8356474044775863	0.8577071667526605	0.8761455220061034	0.8912658895816621
15595	0.8190751439379205	0.7753597688351541	0.73189767787618	0.6893043360245261
15599	1.014905999120181	0.9587885961583933	0.9040452719973928	0.8512399319759923
15724	1.0507504403112162	0.9944147222937442	0.9382385168563422	0.8830470492296897
15853	1.0539192051859194	1.017964686934272	0.9795625856385246	0.9396338614427632
15983	0.90634461720496	0.9563515071889501	1.0034539216628413	1.0476270662922365
16244	1.02994792520491	1.0998339247128701	1.1673733716258845	1.2323694569190964
16245	1.8731777351988825	1.7888384776685453	1.7022437769322518	1.615044203554078
16252	1.0095907290456396	1.022740850020296	1.0318221156613343	1.0373245755138838
16253	1.0008084708283829	0.8926082818599075	0.7954228786036976	0.7085672755410152
16375	0.9472697398950538	1.0203910724272198	1.0924339015858073	1.1631553627285454
16379	1.0181271450934428	0.9833421250668739	0.9463927336425438	0.9081590011744879
16508	1.0017671211692862	1.017738492665154	1.0290567644953685	1.036200849481758
16509	0.9336931589728756	0.943659583183028	0.949231246735632	0.9509157499950418
16639	0.9592014261489148	0.9709799307080172	0.9787379626120116	0.982969298553284
16645	0.4502853873728024	0.4351859775189887	0.4193661255600783	0.40316707420546394
17035	0.9688179592636372	0.9514503069795129	0.9311368984963946	0.9086095730924356
17036	1.0428886957106769	0.9821954904706844	0.9229626986175774	0.8658387175707584
17162	1.452572097861418	1.518191718418236	1.5784254069781884	1.6334170760743378
17169	1.020462385031266	0.9623937033198505	0.9055580989421742	0.8505894024046147
17292	1.194577236540291	1.2514696247834283	1.3038592238282154	1.351827155783605
17293	0.6359779565890139	0.6523684244165628	0.6661495359532608	0.6775531848364882
17301	1.0113688469563176	0.9773409375177172	0.941946072918824	0.9059285308243651
17427	1.0417436225611538	1.0651299417384867	1.0839491841412858	1.0986211547918112
17430	0.9391518941498432	0.7911806354360817	0.6665423637018791	0.5617549626528985
17431	0.8999881241050449	0.8972689921149916	0.8915561318591442	0.8833989182205827
17691	1.281577755596404	1.2392677185551721	1.1945182905692098	1.1483589252974127
17693	1.0407796222447503	0.9507955403000071	0.8668683092446872	0.7891975284480582
17816	1.088381451475935	1.161618228990469	1.2324449537403825	1.3006846260085527
17819	0.896294682774704	0.8648161036047098	0.8315179947741376	0.7971854198508126
17948	1.16551782087806	1.1851130401359316	1.1999747283652102	1.2106404266619781
17950	1.083833691035209	1.0702137006460426	1.0531565890623018	1.0334233761791771
18078	0.9880451926612692	1.0574877701584444	1.1248435512816928	1.1898915790342879
18081	1.0255377054972554	1.0069064953140203	0.9853221163502974	0.9615515875027723
18082	1.0204405321452443	0.9528883447847444	0.8876777841438699	0.8254165838513546
18085	1.0381086544337457	0.9443486250479693	0.8572942155854157	0.7770814295879571
18216	1.052937087534166	0.9535492633498458	0.862331135750516	0.7791583333062139
18341	1.119194900315401	1.1597237465759276	1.1953654696736813	1.2263608921117204
18472	0.8603858631381667	0.8854084352715438	0.9067483490873256	0.9246756037993781
18474	1.3280056908630706	1.3195701202874615	1.3059872847709173	1.28818642446949
18476	0.91276422809443	0.8943535392076842	0.8730823676196806	0.8496754056031719
18606	1.0158410478258	0.9721363931362045	0.9274022269388081	0.8824859194721586
18607	1.005623552006124	0.9788758313718757	0.9494523889500575	0.9181636173427278
18608	1.1008291970171769	1.0367604371264896	0.9746380014059174	0.9150457301028783
18735	1.0921105597746743	1.0228564375210423	0.9553594748416238	0.8903664599675282
18736	0.6987197648856553	0.6934839363237483	0.6857999511745756	0.6761362927661159
18867	1.021918966821109	1.0097589660137498	0.9941562642148358	0.975847610070146
18870	1.0990563612388946	1.0300998805281227	0.9632674686458734	0.8991677323214359
19005-1	1.0144313642807323	0.957683406060876	0.9021646783906337	0.8485141663789014
19128	0.9441496446774684	0.9624501304563403	0.9764833924607883	0.9866533372425037
19130	1.0016714826067366	0.9854323420530761	0.9660570297570706	0.944286275046744
19132	1.172503959098241	1.15078912149801	1.125874160149089	1.098608257916679
19259	1.0341916866220064	1.0320583998583526	1.025576093806047	1.0154475744518041
19261	1.0683488776100352	1.0574817223568909	1.0428573856603693	1.025255512543691
19264	0.8917324070232455	0.8086167580464745	0.7321866986124898	0.6623523070785762
19390	1.0338047443391185	1.0432362893733633	1.0482442879158795	1.0494069217725184
19392	0.923006426823318	0.887344115203974	0.8506236913929814	0.8135456265792971
19519	0.9830295724814064	1.0623816679869256	1.1408629015450025	1.218165001249925
19521	1.030961924903466	1.0116147923361567	0.989220577097993	0.9645558466752483
19524	1.2197812537783277	1.133345194099419	1.0506990789013875	0.9724394058682082
19525	1.0256722506869749	0.960373697533868	0.8971259989986219	0.836534209193018
19782	1.3029981046813568	1.3144661957531376	1.320094665876971	1.3206200753169168
19912	1.1805522434086468	1.1857914355292227	1.1855313961048526	1.1805055777882563
19913	0.45313510417520875	0.47093094297426474	0.48691768523423773	0.501171167313776
20047	1.1049100554800524	1.087066932953773	1.0656139061506886	1.0413928855780294
20175	0.7467087908454281	0.7523478878373038	0.7546779840126294	0.7541266199598664
20305	0.6928127166015977	0.7515673196937324	0.8102185773516332	0.8685598411696203
20309	1.013800698092289	0.9661174530913054	0.9180111031780831	0.8702666970042219
20439	1.020849763360384	0.9729307655469377	0.9249830901508806	0.8777206705812804
20568	0.5215235776431788	0.5359685004224548	0.548191297822551	0.5583651115574012
20569	0.8592048990920477	0.8435945577818245	0.8253167912995582	0.8050283297803725
20570	0.9533196598283912	0.876235292495164	0.8039347966603373	0.7366464634083407
20830	1.0663056473992716	1.1379273040036078	1.2070307181722448	1.2734276073001862
20836	1.0397443128317552	0.9492979985683501	0.865153334961256	0.7874821403904539
20964	1.0026221068125232	1.0035096566680035	1.0004924210684574	0.994187686512901
21091	1.2116791847902666	1.2482445249076881	1.279575281735606	1.3060332048114203
21094	0.9777003904887008	0.9850474321639002	0.9882386155965673	0.9878152730485714
21225	0.5608256608550911	0.5603977529542242	0.5576730160335509	0.5530089661792006
21355	1.0214601388223852	1.0229767842394983	1.0200645670283697	1.0133622990640045
21485	1.09669465629865	1.070946187492054	1.0423304186940343	1.0116954285609217
21614	1.120548671623148	1.1343873864411174	1.1432012867668693	1.1475686308938378
21617	1.0331740704308991	0.9843575915299689	0.9351052586892578	0.8862762051791286
21743	0.8597368519282572	0.8907259057104701	0.9181273108367239	0.9421368475947237
21745	0.7048535707744576	0.689337695023139	0.6714624048967344	0.651833122135239
21749	1.0560716040016171	0.9656921903591918	0.8821702545037928	0.805483425710017
21874	1.3479768049295928	1.34696280491345	1.3403752308349464	1.3290952394977065
21875	0.9813776657762626	1.0059924449675524	1.0260021995081647	1.04176663570533
22003	1.496805748018893	1.439905834516725	1.3802468213366648	1.319154653842145
22007	1.2264022604365952	1.1920767918082762	1.1546248749111796	1.1150659706095782
22009	1.033173750727967	0.9523945046339465	0.8761926766908785	0.8049172531026012
22134	1.1609774387317855	1.157066099483859	1.1485416471148493	1.136187971685685
22136	1.0370600485722488	1.0470800550390909	1.0527464597277087	1.0546111801387124
22141	1.07410087609787	0.9928436241680347	0.916152578999631	0.8443173242224117
22393	1.0473952853771111	1.1015877445836881	1.152389980857946	1.1998267152243127
22395	1.0131592456593417	1.0157087634918442	1.0137387926748245	1.0078947388085708
22523	0.30096789744231695	0.31562042977437615	0.32916271519451057	0.3416079952498401
22656	0.9750756576786828	0.9856341007511478	0.9915468461914225	0.9933381750097712
22657	1.0583383268759674	1.0663432833046935	1.069858537991938	1.0694806383538635
22783	0.6081207366963403	0.6235493396561362	0.6361686235998023	0.6461991695503714
22785	1.06947736825613	1.039977919920795	1.007606006503285	0.9732809474708224
22789	0.9902350439072468	0.9410752852252972	0.8922951723256659	0.8445398266024075
22920	1.0149176343147943	0.9405853076291187	0.8699290444695675	0.803368823283116
23044	0.9361132296732928	0.9599374022860524	0.9792895954018109	0.9944854092074199
23045	1.38657066535719	1.379453801658231	1.366905293770612	1.349883391131982
23177	0.8744373027509377	0.8279607095317488	0.7820358467303098	0.7372460111708721
23306	1.221183295825605	1.2076644914878387	1.189505189288181	1.167624148568446
23433	0.3513878244977801	0.3689022854146646	0.3851888637547873	0.4002674997168083
23563	0.9722815585801136	0.9891372338143569	1.0015144458149356	1.0098581178540278
23564	0.9680151100841924	1.0152947661831806	1.0590213184806256	1.0992507128001314
23565	1.1203062266558508	1.0949812572357802	1.0664110995809084	1.03549488836283
23566	1.010952277107425	0.9786872426276937	0.9445210779541761	0.9092544681192964
23567	1.0421187894065187	0.9947965494230382	0.9469394244666652	0.8993585387133799
23572	1.0984595460402258	1.0062464649619385	0.9215230745044085	0.8442753748459799
23696	1.3544277093783703	1.3370198254774817	1.3149262242281379	1.2891348506070197
23702	0.9219031803660124	0.8344420696974876	0.7538529659864518	0.6801155410525987
23829	1.123321702151775	1.0656365792069695	1.0077564179645822	0.9506028620167982
23953	0.5674829503519149	0.5817455714573474	0.5934546426512309	0.6028168270272524
23954	0.975518430756712	1.0114802636310296	1.0436790634086406	1.0723290566285777
23957	0.9772021422391458	0.9886609996084389	0.9962682465736595	1.0005008737857926
24086	1.0045200564301235	0.9772764598941504	0.9469375421942758	0.914400067873672
24090	0.9176299292299502	0.8787880347460901	0.8392741425637312	0.7997555485182668
24213	0.8783028782428738	0.905886062561155	0.9295676664834599	0.9495841168705002
24214	0.9661389993897656	0.9961079010528856	1.021998614372022	1.044078934339569
24219	1.029518234590985	0.9623447746279453	0.8970310998250786	0.8342666678053818
24350	1.0458147565953886	0.9863726948085858	0.9281416127035028	0.8717779148567676
24605-1	1.083172699724187	1.068138647979941	1.049069806806833	1.0267964303279975
24606-1	0.7776764962919278	0.7601296864913025	0.7402671895339007	0.7187179615432518
24739	1.2018877531114052	1.1050430214424662	1.0138603868536031	0.9287414748818448
24868	1.074829922123528	1.0569774971988937	1.0360011494995958	1.012673002575419
25123	1.2841188244243569	1.2929687957855842	1.2961498156378415	1.2944034110253444
25128	1.0157367925672154	0.9118465093389999	0.8182984520607822	0.7344386712486588
25254	1.4785082365897984	1.5160436997159878	1.5463988514607805	1.5700866354153449
25386	1.0959673285428966	1.0311029398276819	0.9672920438775151	0.9053313897582694
25390	0.9814008942016044	0.8946718091825641	0.8138385637433714	0.7391049137487063
25520	1.0170592717576026	0.8999116431429854	0.7956838459208718	0.7033369879704482
25643	1.39632516163169	1.4519369363701384	1.5022868362099304	1.5476300461410806
25774	1.2706709640500589	1.3023506604834334	1.3286596498054266	1.3500608326717705
25775	1.029408112313433	1.0109180979303134	0.9890899943382161	0.9647218131163098
25780	1.09126470884765	0.8737546692954418	0.7000749283502008	0.5615074238775288
25903	1.024969492390948	1.0889413538407566	1.1500983252277912	1.2083159950116726
25905	1.288586599847907	1.2596393264717618	1.227370613209096	1.1927644731057936
26036	0.7597735988840677	0.7738009047766854	0.7847323379448133	0.792901912862559
26038	1.2181450927498083	1.1542604457130876	1.0910175665043313	1.0292555523227986
